time,ax,ay,az,gx,gy,gz,
 6.41000000e+02,-7.09600002e-03, 1.84100005e-03, 9.95738029e-01, 4.58983988e-01,-4.67682004e-01,-4.06967211e+00,
  6.91000000e+02,-2.21300009e-03,-3.04200011e-03, 9.98179972e-01, 2.32055712e+00,-2.13088989e+00, 3.94119310e+00,
  7.41000000e+02, 7.06399977e-03,-4.50700009e-03, 9.97691989e-01,-1.55517602e+00, 2.61459303e+00, 1.33194005e+00,
  7.91000000e+02, 5.11100003e-03,-5.48300007e-03, 1.00257397e+00, 9.62523997e-01,-6.17446899e+00,-6.21185005e-01,
  8.41000000e+02,-3.19000008e-03,-1.12000002e-04, 1.01136303e+00, 1.63391101e+00,-7.31887817e+00, 3.48342896e+00,
  8.91000000e+02, 5.11100003e-03,-1.57700002e-03, 1.00159800e+00,-1.64672804e+00, 5.68161011e+00, 2.17117310e+00,
  9.42000000e+02, 7.16999988e-04, 5.25900023e-03, 1.00501597e+00, 1.84325993e-01,-1.99356103e+00,-2.48275709e+00,
  9.92000000e+02, 3.64600006e-03, 3.79400002e-03, 9.96227026e-01,-1.55517602e+00,-6.66046023e-01, 5.43655396e+00,
  1.04200000e+03, 4.62300004e-03,-5.48300007e-03, 1.00941002e+00,-1.21948195e+00,-1.81045496e+00, 2.91885400e+00,
  1.09300000e+03,-6.60800003e-03,-8.90100002e-03, 9.84507978e-01, 1.37451196e+00,-1.35269201e+00,-3.59664893e+00,
  1.14300000e+03,-4.65499982e-03, 1.35300006e-03, 1.01233995e+00, 2.21374512e+00, 3.08761597e+00,-2.48275709e+00,
  1.19300000e+03, 2.67000007e-03,-4.01900010e-03, 9.97202992e-01, 1.37451196e+00,-4.02298021e+00,-3.13888502e+00,
  1.24400000e+03, 8.52899998e-03, 3.30600003e-03, 1.01233995e+00,-4.56542999e-01, 9.36127007e-01,-1.48163006e-01,
  1.29400000e+03,-6.60800003e-03,-1.12000002e-04, 9.95249987e-01, 1.37451196e+00,-8.49152029e-01, 4.32266188e+00,
  1.34400000e+03,-5.63099980e-03,-1.12000002e-04, 1.00501597e+00, 1.72546399e+00,-3.67202806e+00, 3.10195899e+00,
  1.39400000e+03,-4.65499982e-03,-1.57700002e-03, 9.92808998e-01, 1.13037097e+00,-2.11563110e+00, 6.75812006e-01,
  1.44400000e+03,-9.04900022e-03,-8.90100002e-03, 1.00648105e+00,-3.03954989e-01, 5.78842211e+00,-1.73507702e+00,
  1.49600000e+03,-4.65499982e-03, 2.81700003e-03, 9.94274020e-01, 3.17380019e-02,-2.08281994e-01,-1.82663000e+00,
  1.54600000e+03, 2.18100008e-03, 4.28200001e-03, 1.00110996e+00,-1.36107996e-01, 9.68929976e-02, 6.75812006e-01,
  1.59600000e+03,-5.63099980e-03, 1.11180004e-02, 1.00306296e+00, 1.54235804e+00,-3.06167603e+00, 3.39187598e+00,
  1.64600000e+03,-2.60000001e-04, 5.25900023e-03, 9.98668015e-01, 1.03881800e+00,-1.62734997e+00, 5.61965895e+00,
  1.69600000e+03, 2.67000007e-03,-1.08900003e-03, 9.98179972e-01,-1.55517602e+00, 1.53121901e+00,-1.18576002e+00,
  1.74600000e+03,-7.47999991e-04,-6.45999983e-03, 9.90855992e-01,-6.39648020e-01, 2.50778198e+00,-7.12737978e-01,
  1.79700000e+03, 9.50600021e-03, 1.84100005e-03, 1.00257397e+00,-4.71801996e-01,-7.72858024e-01,-2.95578003e+00,
  1.84700000e+03, 1.69299997e-03, 3.79400002e-03, 9.89391029e-01, 1.20666504e+00,-6.34231615e+00, 1.80496204e+00,
  1.89700000e+03,-2.21300009e-03, 1.35300006e-03, 9.96227026e-01, 1.20666504e+00, 2.50778198e+00, 5.16189623e+00,
  1.94800000e+03, 3.64600006e-03,-1.57700002e-03, 1.00599205e+00,-4.71801996e-01,-1.06277502e+00,-2.39120507e+00,
  1.99800000e+03,-1.23699999e-03, 3.79400002e-03, 9.89879012e-01,-3.15734911e+00, 1.83639503e+00,-2.02499390e+00,
  2.04900000e+03,-4.65499982e-03,-4.99500008e-03, 1.00892198e+00,-5.48096001e-01, 1.16500902e+00, 3.49429995e-02,
  2.09900000e+03, 3.64600006e-03, 3.30600003e-03, 1.00843406e+00, 7.03125000e-01,-1.84097302e+00,-3.41354299e+00,
  2.14900000e+03, 8.04099999e-03,-6.45999983e-03, 9.95249987e-01, 3.67431998e-01,-2.03933692e+00,-1.64352405e+00,
  2.19900000e+03, 3.15800007e-03,-6.00999978e-04, 1.00989902e+00,-4.45559993e-02,-2.10037208e+00,-1.73507702e+00,
  2.24900000e+03,-3.19000008e-03, 1.25829997e-02, 1.00550401e+00, 9.62523997e-01,-2.71072412e+00, 1.33194005e+00,
  2.29900000e+03, 6.57599978e-03,-6.45999983e-03, 1.00110996e+00,-8.83789003e-01, 6.53610182e+00, 1.24038696e+00,
  2.35000000e+03, 5.11100003e-03, 5.74700022e-03, 9.97202992e-01,-1.81457496e+00,-3.47366309e+00,-3.23043799e+00,
  2.40100000e+03, 9.99400020e-03,-9.39000025e-03, 9.95249987e-01, 1.23291001e-01, 4.81185913e+00,-4.25277710e+00,
  2.45100000e+03, 4.62300004e-03,-9.39000025e-03, 9.94274020e-01, 1.38549998e-01, 7.37761974e-01, 8.58916998e-01,
  2.50100000e+03, 7.16999988e-04, 8.64000001e-04, 9.84507978e-01, 1.99585006e-01, 1.34811401e+00, 4.03274488e+00,
  2.55100000e+03,-4.65499982e-03, 9.65300016e-03, 9.98179972e-01,-3.06579590e+00, 2.79998988e-01, 1.42349195e+00,
  2.60100000e+03,-2.70100008e-03, 3.79400002e-03, 1.00159800e+00, 2.75878996e-01,-3.24478102e+00,-2.20809889e+00,
  2.65200000e+03, 1.69299997e-03, 5.25900023e-03, 9.83043015e-01, 2.80883789e+00,-3.26004004e+00,-7.12737978e-01,
  2.70200000e+03, 2.28000004e-04,-6.00999978e-04, 1.00696898e+00, 1.46606398e+00,-3.16848803e+00,-4.38080013e-01,
  2.75200000e+03, 3.64600006e-03, 3.76000011e-04, 1.00306296e+00,-8.83789003e-01, 1.73187003e-01,-3.46527010e-01,
  2.80200000e+03, 5.11100003e-03,-4.99500008e-03, 1.00306296e+00, 1.03881800e+00,-2.71072412e+00,-1.46041906e+00,
  2.85200000e+03,-5.14299981e-03, 8.64000001e-04, 1.00257397e+00, 2.65625000e+00,-3.09219408e+00, 7.75588989e+00,
  2.90400000e+03, 4.62300004e-03, 1.84100005e-03, 1.00843406e+00, 3.17380019e-02,-5.74492991e-01,-1.18576002e+00,
  2.95400000e+03,-7.09600002e-03, 1.84100005e-03, 1.00648105e+00,-6.24390006e-01,-9.10187006e-01,-5.85494995e+00,
  3.00400000e+03,-8.07200000e-03,-4.99500008e-03, 1.00257397e+00, 1.46606398e+00,-4.06646997e-01,-2.39120507e+00,
  3.05400000e+03, 7.16999988e-04, 7.21199997e-03, 9.98179972e-01,-5.48096001e-01, 2.79769897e+00, 1.51504505e+00,
  3.10400000e+03,-7.47999991e-04,-4.50700009e-03, 1.00452805e+00, 2.04589796e+00,-4.14505005e+00, 3.01040697e+00,
  3.15400000e+03, 1.69299997e-03, 3.76000011e-04, 1.02259398e+00,-1.72302198e+00, 3.16390991e+00, 5.25344801e+00,
  3.20500000e+03,-2.70100008e-03, 8.18799995e-03, 1.00550401e+00, 1.99585006e-01,-1.07803297e+00,-2.39120507e+00,
  3.25500000e+03,-7.47999991e-04,-1.12000002e-04, 1.00013304e+00, 7.79419005e-01, 1.18026698e+00, 1.24038696e+00,
  3.30500000e+03, 1.69299997e-03, 1.84100005e-03, 1.00159800e+00, 1.54235804e+00,-6.66046023e-01, 7.82622993e-01,
  3.35500000e+03,-2.70100008e-03, 1.84100005e-03, 9.91343975e-01,-4.71801996e-01,-1.13906896e+00, 1.14883399e+00,
  3.40600000e+03, 1.69299997e-03,-8.41300003e-03, 1.00013304e+00,-3.66088891e+00, 4.03366089e+00,-3.23043799e+00,
  3.45700000e+03, 3.15800007e-03,-6.00999978e-04, 1.00599205e+00, 1.86279297e+00,-1.32217395e+00,-6.58737183e+00,
  3.50700000e+03, 2.67000007e-03, 1.35300006e-03, 1.00696898e+00,-1.05163598e+00,-2.10037208e+00,-5.47348022e+00,
  3.55700000e+03, 2.18100008e-03,-1.12000002e-04, 1.00306296e+00,-1.47888196e+00,-1.71890295e+00,-2.86422706e+00,
  3.60700000e+03, 8.52899998e-03, 3.79400002e-03, 9.97691989e-01, 1.63391101e+00,-4.67682004e-01, 5.98586988e+00,
  3.65700000e+03, 4.13500005e-03,-6.00999978e-04, 9.99644995e-01, 1.54235804e+00,-4.67682004e-01, 9.65728998e-01,
  3.70700000e+03, 2.18100008e-03, 6.23500021e-03, 1.00989902e+00, 7.94677973e-01,-1.74942005e+00, 6.27578688e+00,
  3.75800000e+03, 7.55300000e-03, 5.74700022e-03, 9.86460984e-01,-4.45559993e-02,-1.44424403e+00,-1.36886597e+00,
  3.80800000e+03, 1.69299997e-03, 7.21199997e-03, 9.95249987e-01, 4.58983988e-01,-2.49710107e+00,-3.46527010e-01,
  3.85900000e+03,-6.11899979e-03,-2.06499989e-03, 9.93296981e-01, 3.67431998e-01, 1.22604406e+00, 4.50576782e+00,
  3.90900000e+03,-7.47999991e-04, 3.76000011e-04, 1.01819897e+00, 1.46606398e+00,-2.29873705e+00, 6.55044603e+00,
  3.95900000e+03,-2.21300009e-03, 3.79400002e-03, 9.91832018e-01, 2.13745093e+00, 1.63803101e+00, 1.51504505e+00,
  4.00900000e+03,-7.47999991e-04,-2.06499989e-03, 1.00208604e+00,-1.31103504e+00, 3.37753296e+00,-1.09420800e+00,
  4.06000000e+03,-1.10020004e-02,-1.12000002e-04, 1.00257397e+00,-6.39648020e-01,-9.71221983e-01,-3.79501295e+00,
  4.11000000e+03,-6.11899979e-03,-1.08540002e-02, 1.00013304e+00,-8.83789003e-01,-2.00882006e+00,-1.55197096e+00,
  4.16000000e+03,-2.21300009e-03,-1.57700002e-03, 9.83043015e-01, 8.86229992e-01, 3.71551007e-01, 8.41201782e+00,
  4.21000000e+03,-2.60000001e-04, 9.65300016e-03, 9.96715009e-01, 2.91137993e-01, 2.95257986e-01, 2.18048006e-01,
  4.26000000e+03, 3.15800007e-03,-1.12000002e-04, 1.00648105e+00,-1.55517602e+00,-2.51770001e-02,-4.25277710e+00,
  4.31200000e+03, 4.13500005e-03,-3.53000010e-03, 1.00013304e+00, 1.13037097e+00,-3.96194506e+00,-4.38080013e-01,
  4.36200000e+03, 5.11100003e-03,-1.57700002e-03, 9.96227026e-01, 3.67431998e-01, 3.92684889e+00,-1.64352405e+00,
  4.41200000e+03, 5.59900003e-03, 2.81700003e-03, 9.98668015e-01, 6.26830995e-01, 2.47726393e+00, 2.26272607e+00,
  4.46200000e+03,-1.14900004e-02, 3.76000011e-04, 1.01038694e+00, 3.17380019e-02,-3.56521606e+00, 2.64419603e+00,
  4.51200000e+03, 2.18100008e-03,-4.50700009e-03, 1.00648105e+00,-2.39440894e+00, 6.16989088e+00, 2.26272607e+00,
  4.56200000e+03,-2.60000001e-04,-5.48300007e-03, 1.00062096e+00, 2.64099097e+00, 4.33883715e+00, 1.14883399e+00,
  4.61300000e+03, 5.59900003e-03,-8.41300003e-03, 1.01966405e+00,-8.07494998e-01, 3.08761597e+00,-7.12737978e-01,
  4.66300000e+03,-1.72499998e-03, 1.35300006e-03, 9.86460984e-01,-1.89086902e+00,-2.84575999e-01,-5.93124390e+00,
  4.71400000e+03, 2.67000007e-03,-6.45999983e-03, 1.00013304e+00,-6.39648020e-01,-4.25186205e+00, 2.07962108e+00,
  4.76400000e+03,-2.60000001e-04, 5.74700022e-03, 9.93785024e-01,-6.39648020e-01, 1.04293799e+00,-1.18576002e+00,
  4.81400000e+03, 5.11100003e-03,-1.08900003e-03, 9.97691989e-01,-1.98242199e+00, 1.74484301e+00, 3.01040697e+00,
  4.86500000e+03, 3.15800007e-03,-5.48300007e-03, 1.00550401e+00,-4.71801996e-01,-3.58047509e+00, 6.93191481e+00,
  4.91500000e+03,-6.60800003e-03, 4.28200001e-03, 1.01575804e+00, 4.43726003e-01,-5.59234977e-01, 1.14883399e+00,
  4.96500000e+03,-6.60800003e-03, 7.69999996e-03, 9.96227026e-01, 5.35278022e-01, 9.68929976e-02, 9.65728998e-01,
  5.01500000e+03,-7.47999991e-04, 7.21199997e-03, 1.00648105e+00,-7.15942025e-01, 3.17916894e+00,-4.63424683e+00,
  5.06500000e+03, 2.28000004e-04,-5.48300007e-03, 1.00989902e+00, 4.58983988e-01,-3.15093994e-01,-4.81735182e+00,
  5.11500000e+03, 1.38999997e-02, 8.64000001e-04, 9.89879012e-01, 2.04589796e+00,-2.68020606e+00,-8.95843029e-01,
  5.16600000e+03,-1.72499998e-03,-5.97199984e-03, 1.01282799e+00, 1.20666504e+00,-5.12161303e+00,-1.18576002e+00,
  5.21700000e+03,-3.19000008e-03, 1.35300006e-03, 9.94274020e-01, 5.50536990e-01, 7.39059401e+00,-1.64352405e+00,
  5.26700000e+03, 2.18100008e-03, 6.23500021e-03, 9.84996021e-01, 2.21374512e+00,-5.74492991e-01, 4.01154011e-01,
  5.31700000e+03,-5.63099980e-03,-5.97199984e-03, 1.01575804e+00,-1.70776403e+00, 2.76718092e+00,-4.06967211e+00,
  5.36700000e+03, 7.06399977e-03,-5.97199984e-03, 1.00696898e+00,-5.48096001e-01, 2.03704998e-01,-5.93124390e+00,
  5.41700000e+03, 4.13500005e-03,-1.08900003e-03, 9.96715009e-01,-1.21948195e+00,-2.58865404e+00, 1.62185705e+00,
  5.46800000e+03,-4.65499982e-03, 3.79400002e-03, 9.89391029e-01, 1.87805200e+00, 6.71920776e+00, 5.84258974e-01,
  5.51800000e+03, 8.52899998e-03,-8.90100002e-03, 1.00843406e+00, 3.05297804e+00,-7.12051392e+00, 8.04580688e+00,
  5.56800000e+03, 4.13500005e-03,-1.12000002e-04, 9.95738029e-01, 1.23291001e-01,-2.32925391e+00, 1.89651501e+00,
  5.61900000e+03, 8.52899998e-03, 8.64000001e-04, 1.00452805e+00,-1.89086902e+00,-3.19900489e+00, 2.17117310e+00,
  5.66900000e+03, 7.16999988e-04, 9.16500017e-03, 1.01087499e+00, 7.03125000e-01, 6.76726997e-01,-4.34432983e+00,
  5.72000000e+03, 5.59900003e-03,-4.50700009e-03, 1.01429296e+00, 7.94677973e-01,-3.16848803e+00,-1.64352405e+00,
  5.77000000e+03, 9.01699997e-03,-1.57700002e-03, 1.01233995e+00,-4.45559993e-02,-3.83987403e+00, 7.20657301e+00,
  5.82000000e+03,-4.65499982e-03, 3.76000011e-04, 9.84996021e-01,-3.80248994e-01, 5.85174978e-01, 5.05508423e+00,
  5.87000000e+03, 3.64600006e-03, 3.76000011e-04, 1.00599205e+00,-1.21948195e+00, 1.05819702e+00,-3.97811890e+00,
  5.92000000e+03,-5.63099980e-03,-4.01900010e-03, 1.00452805e+00, 1.20666504e+00,-9.91799962e-03,-5.09201002e+00,
  5.97000000e+03,-5.63099980e-03,-6.00999978e-04, 1.00257397e+00, 1.54235804e+00,-2.80227709e+00,-2.86422706e+00,
  6.02100000e+03, 5.59900003e-03,-4.99500008e-03, 1.00989902e+00, 4.58983988e-01, 3.43856812e+00, 2.07962108e+00,
  6.07200000e+03, 6.57599978e-03,-1.57700002e-03, 9.97202992e-01, 2.13745093e+00,-6.92215014e+00,-6.21185005e-01,
  6.12200000e+03, 8.52899998e-03, 9.65300016e-03, 1.00159800e+00, 1.80175805e+00, 5.34099992e-03, 1.80496204e+00,
  6.17200000e+03,-2.70100008e-03, 5.74700022e-03, 9.89391029e-01,-8.83789003e-01, 6.26144409e+00,-7.88436890e+00,
  6.22200000e+03, 2.18100008e-03, 2.81700003e-03, 9.86949027e-01, 2.04589796e+00,-3.56521606e+00, 1.62185705e+00,
  6.27300000e+03,-7.47999991e-04, 8.64000001e-04, 9.99644995e-01, 1.29821801e+00,-1.93023995e-01, 5.61965895e+00,
  6.32300000e+03,-2.60000001e-04,-3.04200011e-03, 1.01136303e+00, 1.63391101e+00, 7.68280029e-01, 3.09601009e-01,
  6.37300000e+03,-7.58400001e-03, 5.25900023e-03, 9.89879012e-01,-9.75341976e-01,-3.76358008e+00,-3.97811890e+00,
  6.42300000e+03, 9.01699997e-03,-6.00999978e-04, 9.98179972e-01,-9.75341976e-01, 2.78243995e+00,-5.00045776e+00,
  6.47300000e+03,-7.47999991e-04, 1.84100005e-03, 1.01136303e+00, 1.54235804e+00,-3.26004004e+00,-1.48163006e-01,
  6.52400000e+03,-2.60000001e-04, 1.84100005e-03, 9.91343975e-01,-3.03954989e-01, 1.73187003e-01, 7.75588989e+00,
  6.57500000e+03, 7.06399977e-03, 3.76000011e-04, 9.85485017e-01,-1.36107996e-01,-4.99954224e+00, 3.94119310e+00,
  6.62500000e+03,-5.14299981e-03,-6.00999978e-04, 1.00062096e+00,-4.71801996e-01,-3.38211107e+00,-5.27511597e+00,
  6.67500000e+03,-1.23699999e-03,-8.41300003e-03, 9.87926006e-01,-1.98242199e+00, 8.75092030e-01,-4.43588305e+00,
  6.72500000e+03,-9.53700021e-03,-4.50700009e-03, 1.00110996e+00, 3.14453101e+00,-5.99136400e+00,-1.64352405e+00,
  6.77500000e+03, 3.64600006e-03,-9.39000025e-03, 1.00208604e+00,-2.88695991e-01,-4.16030884e+00, 1.51504505e+00,
  6.82500000e+03, 4.62300004e-03, 1.84100005e-03, 9.93785024e-01,-5.63354015e-01,-3.60870004e-01,-2.11654592e+00,
  6.87600000e+03,-4.16600006e-03,-5.97199984e-03, 1.00696898e+00, 1.71020496e+00,-1.81045496e+00, 3.10195899e+00,
  6.92600000e+03,-4.65499982e-03,-5.48300007e-03, 1.01380503e+00, 1.99585006e-01,-6.66046023e-01,-3.97811890e+00,
  6.97700000e+03,-4.16600006e-03,-1.57700002e-03, 9.95738029e-01,-1.81457496e+00, 3.86581397e+00,-3.79501295e+00,
  7.02700000e+03,-1.72499998e-03, 8.64000001e-04, 9.96715009e-01,-1.57043505e+00, 9.81903017e-01,-2.95578003e+00,
  7.07700000e+03,-2.60000001e-04,-2.06499989e-03, 1.00403905e+00, 6.26830995e-01, 3.07235694e+00, 1.42349195e+00,
  7.12800000e+03, 4.62300004e-03,-1.08900003e-03, 1.00062096e+00,-1.36107996e-01, 4.68978882e+00, 3.57498193e+00,
  7.17800000e+03,-5.14299981e-03, 1.35300006e-03, 9.97202992e-01,-4.45559993e-02, 2.59933496e+00, 5.16189623e+00,
  7.22800000e+03,-8.07200000e-03,-1.08900003e-03, 9.88902986e-01, 3.17380019e-02,-1.27639794e+00,-2.57431006e+00,
  7.27800000e+03,-2.60000001e-04,-1.57700002e-03, 9.93296981e-01,-1.89086902e+00,-4.06646997e-01,-1.36886597e+00,
  7.32800000e+03, 8.04099999e-03, 8.64000001e-04, 9.95738029e-01, 2.04589796e+00, 5.19332886e+00, 6.27578688e+00,
  7.37800000e+03, 1.69299997e-03,-1.28079997e-02, 1.00989902e+00, 1.87805200e+00, 3.14865088e+00, 1.42349195e+00,
  7.43000000e+03, 7.06399977e-03,-1.57700002e-03, 1.00062096e+00,-1.64672804e+00,-1.93252599e+00, 2.73574901e+00,
  7.48000000e+03,-1.23699999e-03,-6.00999978e-04, 1.00306296e+00,-2.15026903e+00,-8.93630981e+00, 3.49429995e-02,
  7.53000000e+03,-2.60000001e-04, 1.84100005e-03, 1.00941002e+00,-1.05163598e+00,-1.16958594e+00, 1.14883399e+00,
  7.58000000e+03,-2.60000001e-04,-1.03660002e-02, 1.00599205e+00,-1.31103504e+00, 9.36127007e-01, 3.10195899e+00,
  7.63000000e+03,-1.23699999e-03, 7.21199997e-03, 9.93296981e-01,-6.39648020e-01, 1.51596105e+00, 5.84258974e-01,
  7.68100000e+03,-9.53700021e-03,-1.62259992e-02, 1.00550401e+00,-1.47888196e+00, 3.25546288e+00, 5.80276489e+00,
  7.73100000e+03,-2.60000001e-04,-5.48300007e-03, 1.01282799e+00, 1.99585006e-01,-4.12979078e+00,-6.29745483e+00,
  7.78100000e+03,-7.47999991e-04, 7.21199997e-03, 9.98668015e-01,-3.80248994e-01, 2.41622901e+00,-6.02279711e+00,
  7.83200000e+03,-6.60800003e-03, 4.28200001e-03, 9.98179972e-01, 1.55761695e+00, 1.04293799e+00,-1.09420800e+00,
  7.88200000e+03,-2.70100008e-03, 1.84100005e-03, 9.95249987e-01, 1.38549998e-01,-4.06646997e-01, 1.98806798e+00,
  7.93200000e+03, 5.11100003e-03, 5.25900023e-03, 1.00989902e+00, 4.74242985e-01, 2.29415894e+00, 1.26495004e-01,
  7.98300000e+03, 4.62300004e-03,-3.04200011e-03, 1.00843406e+00,-2.12402001e-01, 3.85055494e+00,-3.79501295e+00,
  8.03300000e+03, 9.50600021e-03,-1.03660002e-02, 1.00599205e+00, 1.38549998e-01, 2.29415894e+00, 3.09601009e-01,
  8.08300000e+03, 7.55300000e-03, 3.76000011e-04, 9.84996021e-01, 1.87805200e+00,-2.23770094e+00, 2.18048006e-01,
  8.13300000e+03, 3.15800007e-03, 5.74700022e-03, 1.00794601e+00,-9.75341976e-01, 9.34372044e+00, 1.51504505e+00,
  8.18300000e+03, 1.69299997e-03, 1.35300006e-03, 9.92808998e-01, 1.96960402e+00,-1.27639794e+00,-2.48275709e+00,
  8.23300000e+03, 7.16999988e-04, 4.28200001e-03, 9.82554972e-01,-4.24072218e+00, 3.66744995e+00,-3.46527010e-01,
  8.28400000e+03,-7.09600002e-03, 8.18799995e-03, 9.95738029e-01, 1.37451196e+00,-9.25674534e+00, 5.34500122e+00,
  8.33500000e+03,-3.19000008e-03, 3.76000011e-04, 9.96227026e-01, 5.35278022e-01, 6.76726997e-01, 5.80276489e+00,
  8.38500000e+03, 6.57599978e-03, 2.81700003e-03, 9.91343975e-01,-7.15942025e-01, 2.01950097e+00,-2.54974008e-01,
  8.43500000e+03,-6.60800003e-03,-6.00999978e-04, 1.00062096e+00,-1.29577601e+00, 4.50668287e+00,-2.48275709e+00,
  8.48500000e+03, 1.69299997e-03,-4.01900010e-03, 1.00306296e+00, 3.67431998e-01, 3.43856812e+00,-6.11434889e+00,
  8.53600000e+03,-4.65499982e-03,-3.04200011e-03, 9.95249987e-01, 7.94677973e-01,-1.07803297e+00,-1.73507702e+00,
  8.58600000e+03, 2.28000004e-04,-9.39000025e-03, 1.00110996e+00,-2.12402001e-01,-1.01470999e-01, 4.21585083e+00,
  8.63600000e+03,-1.23699999e-03, 9.65300016e-03, 9.92808998e-01, 1.37451196e+00, 2.11105299e+00,-1.36886597e+00,
  8.68600000e+03,-4.16600006e-03,-4.99500008e-03, 1.00696898e+00, 9.62523997e-01,-1.44424403e+00, 2.35427904e+00,
  8.73700000e+03,-1.23699999e-03,-3.53000010e-03, 9.92321014e-01, 3.67431998e-01, 3.56063795e+00, 2.07962108e+00,
  8.78700000e+03, 9.01699997e-03, 1.35300006e-03, 9.96715009e-01,-1.03637695e+00, 4.94918823e+00,-3.70345998e+00,
  8.83800000e+03,-2.70100008e-03, 1.35300006e-03, 9.85485017e-01, 8.70971978e-01, 2.85873389e+00, 1.51504505e+00,
  8.88800000e+03, 6.57599978e-03, 1.35300006e-03, 9.97202992e-01, 2.97668505e+00,-7.04421997e+00, 2.55264306e+00,
  8.93800000e+03, 7.16999988e-04,-3.04200011e-03, 1.00062096e+00, 3.17380019e-02, 2.41622901e+00, 2.35427904e+00,
  8.98800000e+03, 4.13500005e-03,-6.94799982e-03, 9.93785024e-01, 1.13037097e+00,-8.64409983e-01,-2.57431006e+00,
  9.03800000e+03, 4.62300004e-03,-6.45999983e-03, 1.01136303e+00,-3.03954989e-01, 6.74972486e+00,-3.04733300e+00,
  9.08900000e+03,-2.70100008e-03,-6.00999978e-04, 1.00403905e+00,-3.80248994e-01, 3.08761597e+00, 7.82622993e-01,
  9.13900000e+03, 2.67000007e-03, 5.74700022e-03, 9.98179972e-01,-4.71801996e-01, 8.59833002e-01,-3.04733300e+00,
  9.18900000e+03,-4.16600006e-03,-1.08900003e-03, 9.93785024e-01,-4.45559993e-02,-1.16729997e-01, 5.84258974e-01,
  9.24000000e+03,-1.00260004e-02,-1.57700002e-03, 1.00794601e+00,-1.72302198e+00, 2.79998988e-01, 7.82622993e-01,
  9.29000000e+03, 1.69299997e-03, 7.21199997e-03, 9.97202992e-01,-1.64672804e+00, 1.91268897e+00,-5.29632986e-01,
  9.34000000e+03, 2.18100008e-03, 4.28200001e-03, 9.93785024e-01,-1.36107996e-01, 3.14865088e+00, 4.32266188e+00,
  9.39100000e+03, 8.04099999e-03,-1.12000002e-04, 1.01087499e+00, 2.13745093e+00, 1.33285499e+00, 3.49429995e-02,
  9.44100000e+03,-6.11899979e-03, 3.79400002e-03, 9.96227026e-01,-2.73010302e+00,-1.55105603e+00,-8.95843029e-01,
  9.49100000e+03,-9.04900022e-03, 6.23500021e-03, 1.01087499e+00,-8.83789003e-01, 2.61459303e+00,-3.88656592e+00,
  9.54100000e+03,-2.21300009e-03, 8.18799995e-03, 1.00648105e+00,-2.31811500e+00, 3.05709791e+00,-4.90890503e+00,
  9.59100000e+03,-1.72499998e-03,-1.12000002e-04, 9.87926006e-01,-2.80639601e+00, 7.53021002e-01, 4.92706001e-01,
  9.64300000e+03, 1.69299997e-03,-3.04200011e-03, 1.00452805e+00,-3.03954989e-01,-6.95266724e+00,-1.46041906e+00,
  9.69300000e+03,-4.65499982e-03,-5.48300007e-03, 1.00159800e+00,-2.82165504e+00, 4.61349487e+00, 4.50576782e+00,
  9.74300000e+03, 9.50600021e-03, 7.69999996e-03, 1.00501597e+00,-9.75341976e-01, 2.50778198e+00,-1.27731299e+00,
  9.79300000e+03, 4.13500005e-03,-4.50700009e-03, 1.01233995e+00, 2.71728492e+00, 1.25656104e+00,-1.82663000e+00,
  9.84300000e+03,-2.21300009e-03,-5.97199984e-03, 9.98179972e-01, 2.91137993e-01,-3.76129001e-01, 1.62185705e+00,
  9.89300000e+03,-3.19000008e-03,-3.04200011e-03, 1.00306296e+00, 1.29821801e+00, 4.02069002e-01, 6.36734009e+00,
  9.94400000e+03, 4.13500005e-03, 3.76000011e-04, 9.93785024e-01, 3.17380019e-02,-2.98538208e+00, 1.14883399e+00,
  9.99400000e+03,-4.16600006e-03, 1.84100005e-03, 1.01429296e+00, 1.87805200e+00,-2.20718408e+00,-5.36666918e+00,
  1.00440000e+04, 9.01699997e-03,-3.04200011e-03, 9.97691989e-01, 8.09937000e-01, 8.44573975e-01,-1.55197096e+00,
  1.00950000e+04, 4.13500005e-03, 1.35300006e-03, 9.81090009e-01, 6.26830995e-01,-2.90908790e+00, 3.49429995e-02,
  1.01450000e+04,-6.60800003e-03, 3.76000011e-04, 9.97691989e-01, 1.46606398e+00,-1.93023995e-01, 4.59732103e+00,
  1.01950000e+04,-3.19000008e-03, 2.81700003e-03, 9.96227026e-01, 1.29821801e+00, 5.54656982e-01, 5.34500122e+00,
  1.02460000e+04, 7.16999988e-04,-3.53000010e-03, 9.95738029e-01, 3.31237793e+00,-5.85403395e+00, 6.18423510e+00,
  1.02960000e+04,-1.23699999e-03,-4.50700009e-03, 1.00794601e+00,-2.12402001e-01,-2.39028907e+00, 8.74176025e-01,
  1.03460000e+04, 3.15800007e-03,-4.01900010e-03, 9.92321014e-01,-1.47888196e+00, 3.07235694e+00, 5.05508423e+00,
  1.03970000e+04,-4.16600006e-03,-1.57700002e-03, 9.98179972e-01,-2.73010302e+00,-2.00882006e+00, 4.50576782e+00,
  1.04470000e+04,-1.72499998e-03, 1.35300006e-03, 1.00794601e+00, 8.70971978e-01,-3.47366309e+00, 3.48342896e+00,
  1.04980000e+04, 4.62300004e-03, 8.64000001e-04, 9.98179972e-01,-6.39648020e-01,-2.78701806e+00, 1.26495004e-01,
  1.05480000e+04,-3.19000008e-03, 4.77099977e-03, 9.95249987e-01, 1.99585006e-01, 2.38571191e+00, 5.34500122e+00,
  1.05980000e+04,-2.70100008e-03, 4.77099977e-03, 1.01087499e+00, 1.20666504e+00,-7.57598996e-01, 2.82730103e+00,
  1.06480000e+04,-7.47999991e-04,-3.53000010e-03, 1.00013304e+00,-1.81457496e+00, 7.98568678e+00,-1.55197096e+00
 1.07490000e+04, 8.52899998e-03, 1.84100005e-03, 1.00452805e+00, 4.58983988e-01,-3.47366309e+00, 2.44583201e+00,
  1.08000000e+04,-3.19000008e-03, 1.35300006e-03, 1.00257397e+00,-1.55517602e+00,-1.11488352e+01,-3.41354299e+00,
  1.08500000e+04,-5.63099980e-03, 7.69999996e-03, 1.01087499e+00, 3.17380019e-02,-1.04751599e+00, 1.14883399e+00,
  1.09000000e+04,-2.21300009e-03,-1.12000002e-04, 1.00843406e+00, 1.23291001e-01,-1.27639794e+00, 1.33194005e+00,
  1.09500000e+04,-7.58400001e-03,-4.50700009e-03, 1.00892198e+00,-3.19213986e-01,-9.40703988e-01, 1.62185705e+00,
  1.10000000e+04, 4.62300004e-03,-3.53000010e-03, 9.98668015e-01, 6.26830995e-01,-5.19790602e+00,-9.87396002e-01,
  1.10520000e+04,-9.53700021e-03,-8.41300003e-03, 1.01282799e+00, 3.31237793e+00, 4.93622005e-01, 1.62185705e+00,
  1.11020000e+04, 3.15800007e-03,-6.94799982e-03, 9.95738029e-01,-1.51366994e-01,-4.52423006e-01,-4.52743483e+00,
  1.11520000e+04,-2.21300009e-03,-5.97199984e-03, 1.00452805e+00, 4.22790623e+00,-6.46438599e+00, 3.48342896e+00,
  1.12020000e+04, 3.15800007e-03, 3.76000011e-04, 9.93785024e-01,-1.31103504e+00,-4.67682004e-01,-1.91818202e+00,
  1.12520000e+04,-1.72499998e-03,-2.06499989e-03, 1.00013304e+00,-1.36107996e-01,-4.52651978e+00, 4.92706001e-01,
  1.13020000e+04, 3.15800007e-03, 1.35300006e-03, 9.95738029e-01, 2.64099097e+00,-5.67092896e+00, 1.89651501e+00,
  1.13540000e+04, 3.64600006e-03,-1.57700002e-03, 9.95249987e-01, 2.14844003e-01, 1.22604406e+00,-1.27731299e+00,
  1.14040000e+04,-2.60000001e-04,-1.12000002e-04, 9.96227026e-01, 1.05407703e+00, 5.46798706e+00, 1.14883399e+00,
  1.14540000e+04,-2.70100008e-03,-2.06499989e-03, 9.98668015e-01,-1.72302198e+00,-4.16030884e+00,-3.50509596e+00,
  1.15040000e+04, 7.16999988e-04,-6.94799982e-03, 9.89879012e-01,-4.45559993e-02,-3.58047509e+00,-2.20809889e+00,
  1.15540000e+04,-6.60800003e-03,-1.08900003e-03, 1.00843406e+00, 3.17380019e-02,-2.61917090e+00,-4.90890503e+00,
  1.16040000e+04,-5.63099980e-03,-4.50700009e-03, 1.00306296e+00,-3.23364305e+00,-4.63333082e+00, 9.65728998e-01,
  1.16550000e+04,-1.23699999e-03,-6.00999978e-04, 1.01282799e+00, 6.26830995e-01, 1.42440796e+00, 1.42349195e+00,
  1.17060000e+04, 7.16999988e-04,-6.45999983e-03, 9.95738029e-01, 6.26830995e-01,-7.31887817e+00,-3.04733300e+00,
  1.17560000e+04,-2.60000001e-04, 8.18799995e-03, 1.00159800e+00,-2.98950195e+00, 2.98080397e+00,-4.72580004e+00,
  1.18060000e+04, 1.69299997e-03,-2.06499989e-03, 1.00110996e+00,-1.05163598e+00, 2.79998988e-01, 1.26495004e-01,
  1.18560000e+04, 7.16999988e-04,-4.01900010e-03, 9.99644995e-01, 8.55713010e-01, 5.08880973e-01,-8.04291010e-01,
  1.19070000e+04,-4.65499982e-03, 3.30600003e-03, 9.96715009e-01,-8.83789003e-01,-3.85513306e+00, 1.26495004e-01,
  1.19570000e+04,-2.60000001e-04,-1.08900003e-03, 9.91343975e-01,-3.80248994e-01, 1.42440796e+00,-3.97811890e+00,
  1.20080000e+04,-2.60000001e-04, 3.79400002e-03, 9.92808998e-01, 1.46606398e+00,-1.94778395e+00, 1.33194005e+00,
  1.20580000e+04, 2.18100008e-03,-5.48300007e-03, 9.97691989e-01, 5.35278022e-01, 2.12631202e+00, 1.33194005e+00,
  1.21080000e+04, 9.99400020e-03,-1.12000002e-04, 1.01038694e+00,-5.48096001e-01,-3.27529907e+00,-9.87396002e-01,
  1.21580000e+04,-2.70100008e-03, 8.64000001e-04, 1.00403905e+00,-8.07494998e-01, 2.99606299e+00,-8.95843029e-01,
  1.22090000e+04,-5.14299981e-03,-4.99500008e-03, 1.00452805e+00,-1.05163598e+00,-1.33743298e+00,-4.81735182e+00,
  1.22590000e+04, 8.04099999e-03, 1.84100005e-03, 1.01087499e+00, 1.46606398e+00,-1.81045496e+00,-6.21185005e-01,
  1.23090000e+04,-7.09600002e-03,-1.12000002e-04, 1.00306296e+00, 8.70971978e-01, 2.29415894e+00,-7.12737978e-01,
  1.23600000e+04, 4.13500005e-03,-5.97199984e-03, 1.00208604e+00, 2.14844003e-01, 2.76718092e+00,-1.73507702e+00,
  1.24100000e+04,-2.70100008e-03, 8.64000001e-04, 9.99644995e-01,-9.75341976e-01,-1.81045496e+00,-3.04733300e+00,
  1.24610000e+04,-2.21300009e-03, 4.28200001e-03, 1.01478100e+00, 1.46606398e+00,-8.64409983e-01,-1.82663000e+00,
  1.25110000e+04, 8.04099999e-03, 4.77099977e-03, 1.00403905e+00,-3.80248994e-01,-3.45840502e+00,-4.52743483e+00,
  1.25610000e+04,-4.16600006e-03,-1.18310004e-02, 9.95738029e-01,-2.15026903e+00,-2.71072412e+00,-3.13888502e+00,
  1.26110000e+04, 2.28000004e-04,-1.57700002e-03, 1.00941002e+00,-1.98242199e+00,-2.08281994e-01, 2.91885400e+00,
  1.26620000e+04,-7.47999991e-04, 5.74700022e-03, 1.00599205e+00,-9.75341976e-01,-3.27529907e+00, 5.84258974e-01,
  1.27120000e+04, 5.59900003e-03,-1.12000002e-04, 1.01429296e+00, 4.58983988e-01, 3.57589698e+00, 2.18048006e-01,
  1.27630000e+04,-7.58400001e-03, 3.76000011e-04, 1.00208604e+00,-1.89086902e+00, 8.59833002e-01, 3.10195899e+00,
  1.28130000e+04,-4.65499982e-03,-6.00999978e-04, 9.97202992e-01, 2.91137993e-01, 2.59933496e+00, 4.96353102e+00,
  1.28630000e+04,-5.14299981e-03,-6.45999983e-03, 1.00257397e+00,-6.39648020e-01,-1.65786695e+00, 5.43655396e+00,
  1.29130000e+04, 4.62300004e-03,-8.41300003e-03, 9.99644995e-01, 1.31347704e+00,-6.20270014e-01, 1.22512805e+00,
  1.29640000e+04, 9.01699997e-03,-1.18310004e-02, 1.00013304e+00, 1.63391101e+00,-1.45950305e+00,-2.66586304e+00,
  1.30150000e+04, 2.28000004e-04,-4.01900010e-03, 9.98668015e-01, 1.28295898e+00,-2.37503004e+00, 3.39187598e+00,
  1.30650000e+04,-7.47999991e-04, 3.76000011e-04, 1.00892198e+00, 1.03881800e+00, 1.91268897e+00, 7.02346802e+00,
  1.31150000e+04, 7.16999988e-04,-3.04200011e-03, 9.95738029e-01, 1.81701696e+00, 4.47845012e-01,-8.19549978e-01,
  1.31650000e+04,-4.65499982e-03, 1.84100005e-03, 9.92808998e-01, 2.04589796e+00,-4.45022583e+00, 4.01154011e-01,
  1.32150000e+04, 2.67000007e-03, 3.76000011e-04, 9.92321014e-01,-2.31811500e+00,-5.41153002e+00, 7.82622993e-01,
  1.32650000e+04,-2.70100008e-03, 3.30600003e-03, 9.90855992e-01, 1.95434594e+00,-2.57339501e+00,-2.20809889e+00,
  1.33170000e+04, 7.16999988e-04, 8.64000001e-04, 9.95738029e-01, 3.67431998e-01, 2.20260596e+00, 7.48123217e+00,
  1.33670000e+04, 1.24350004e-02, 8.18799995e-03, 9.99644995e-01, 2.71728492e+00, 2.41622901e+00, 5.16189623e+00,
  1.34170000e+04,-1.23699999e-03,-1.57700002e-03, 9.95249987e-01, 1.64917004e+00,-2.71072412e+00, 3.57498193e+00,
  1.34670000e+04, 4.62300004e-03, 4.28200001e-03, 1.00452805e+00, 1.98486304e+00,-3.48892212e+00,-1.73507702e+00,
  1.35170000e+04, 5.11100003e-03, 5.74700022e-03, 9.91832018e-01, 1.99585006e-01,-3.29055810e+00,-2.02499390e+00,
  1.35680000e+04,-7.47999991e-04, 9.16500017e-03, 9.87438023e-01, 1.29821801e+00, 7.31430101e+00,-2.48275709e+00,
  1.36190000e+04,-7.58400001e-03, 4.77099977e-03, 9.98668015e-01,-5.48096001e-01, 4.59823608e+00,-5.18356323e+00,
  1.36690000e+04, 4.13500005e-03, 4.77099977e-03, 9.84019995e-01,-2.22656202e+00, 3.66744995e+00,-1.27731299e+00,
  1.37190000e+04, 2.28000004e-04,-1.12000002e-04, 1.01233995e+00,-1.64672804e+00,-4.72488403e+00, 4.78042603e+00,
  1.37690000e+04,-5.63099980e-03, 3.79400002e-03, 9.92808998e-01, 3.67431998e-01, 2.11105299e+00, 3.19351196e+00,
  1.38190000e+04, 7.55300000e-03,-6.45999983e-03, 1.00941002e+00,-5.32836974e-01, 4.21676588e+00,-8.04291010e-01,
  1.38700000e+04,-2.60000001e-04, 3.30600003e-03, 1.01038694e+00,-2.80639601e+00, 6.15692019e-01, 2.53738403e+00,
  1.39210000e+04, 4.62300004e-03,-1.08900003e-03, 1.00257397e+00,-8.07494998e-01, 3.34701490e+00, 7.82622993e-01,
  1.39710000e+04,-2.70100008e-03, 6.23500021e-03, 9.99644995e-01, 2.97668505e+00,-6.26602221e+00, 5.84258974e-01,
  1.40210000e+04,-2.21300009e-03,-2.06499989e-03, 9.99644995e-01, 7.94677973e-01,-3.27529907e+00, 1.42349195e+00,
  1.40710000e+04, 5.59900003e-03,-1.57700002e-03, 1.00306296e+00, 6.26830995e-01,-2.40554810e+00,-8.04291010e-01,
  1.41210000e+04, 2.28000004e-04, 1.35599999e-02, 1.00208604e+00, 1.54235804e+00,-2.00882006e+00,-6.21185005e-01,
  1.41720000e+04,-5.63099980e-03, 8.64000001e-04, 1.00110996e+00,-6.39648020e-01, 4.70504808e+00, 1.62185705e+00,
  1.42220000e+04, 7.16999988e-04,-1.57700002e-03, 1.00062096e+00,-8.07494998e-01,-4.92324781e+00,-1.18576002e+00,
  1.42730000e+04, 5.59900003e-03,-3.04200011e-03, 1.00306296e+00, 1.54235804e+00,-4.98198986e-01,-1.55197096e+00,
  1.43230000e+04,-2.70100008e-03, 3.79400002e-03, 1.01526999e+00, 2.13745093e+00,-4.54177904e+00, 2.82730103e+00,
  1.43730000e+04, 3.15800007e-03, 3.30600003e-03, 1.00989902e+00, 7.94677973e-01,-2.98538208e+00, 3.57498193e+00,
  1.44240000e+04, 5.59900003e-03,-4.01900010e-03, 1.00599205e+00, 1.46606398e+00, 6.44455004e+00, 4.96353102e+00,
  1.44740000e+04, 4.13500005e-03,-6.00999978e-04, 9.98179972e-01, 2.71728492e+00,-5.50308180e+00, 4.68887281e+00,
  1.45240000e+04,-1.23699999e-03,-1.57700002e-03, 9.93296981e-01, 1.13037097e+00, 3.17916894e+00, 1.71340895e+00,
  1.45750000e+04, 6.57599978e-03,-2.06499989e-03, 9.94274020e-01, 1.96960402e+00, 3.08761597e+00, 2.18048006e-01,
  1.46250000e+04, 6.57599978e-03,-3.04200011e-03, 9.89879012e-01, 8.86229992e-01, 2.37045288e+00, 1.40823400e+00,
  1.46750000e+04, 5.59900003e-03,-6.45999983e-03, 9.90855992e-01,-2.12402001e-01, 9.72519016e+00, 7.82622993e-01,
  1.47260000e+04,-1.72499998e-03,-4.01900010e-03, 1.00403905e+00,-1.97144002e-01, 1.33285499e+00, 2.44583201e+00,
  1.47760000e+04, 5.11100003e-03, 6.23500021e-03, 1.00403905e+00,-1.64672804e+00,-2.97012305e+00,-4.38080013e-01,
  1.48260000e+04,-8.07200000e-03, 4.28200001e-03, 9.98668015e-01, 3.22082496e+00, 4.63104010e-01, 1.14883399e+00,
  1.48760000e+04,-1.72499998e-03, 3.76000011e-04, 1.00403905e+00, 3.17380019e-02, 1.89742994e+00, 2.64419603e+00,
  1.49270000e+04, 1.69299997e-03,-4.99500008e-03, 1.00208604e+00,-2.82165504e+00,-1.13906896e+00,-5.66099994e-02,
  1.49780000e+04, 2.28000004e-04, 8.64000001e-04, 9.98668015e-01, 5.50536990e-01,-1.27639794e+00, 5.16189623e+00,
  1.50280000e+04, 5.11100003e-03,-3.04200011e-03, 9.98179972e-01, 1.99585006e-01, 2.03475904e+00,-2.57431006e+00,
  1.50780000e+04, 1.69299997e-03,-4.01900010e-03, 9.98179972e-01,-4.71801996e-01, 7.31430101e+00,-5.00045776e+00,
  1.51280000e+04,-2.21300009e-03, 3.76000011e-04, 1.00989902e+00, 1.99585006e-01, 5.69916010e-01,-6.02279711e+00,
  1.51780000e+04,-1.05140004e-02, 3.79400002e-03, 1.00159800e+00,-2.04345703e+00,-6.96564019e-01,-4.06967211e+00,
  1.52280000e+04, 7.16999988e-04,-1.08900003e-03, 1.00062096e+00,-5.48096001e-01,-6.44912720e+00,-3.13888502e+00,
  1.52800000e+04,-5.14299981e-03, 5.25900023e-03, 9.90855992e-01,-1.05163598e+00, 5.39169312e+00,-3.13888502e+00,
  1.53300000e+04,-7.47999991e-04,-6.00999978e-04, 9.94274020e-01,-2.04345703e+00, 1.73187003e-01,-3.46527010e-01,
  1.53800000e+04,-4.16600006e-03,-5.48300007e-03, 9.96227026e-01,-1.47888196e+00, 1.83639503e+00, 2.07962108e+00,
  1.54300000e+04, 3.64600006e-03, 5.25900023e-03, 9.96715009e-01,-6.39648020e-01, 1.42440796e+00,-3.41354299e+00,
  1.54800000e+04, 3.64600006e-03,-8.90100002e-03, 9.97691989e-01,-2.73010302e+00, 2.03475904e+00, 1.42349195e+00,
  1.55310000e+04, 9.01699997e-03,-1.12000002e-04, 1.00989902e+00,-3.80248994e-01, 5.77316284e+00,-5.29632986e-01,
  1.55820000e+04, 2.67000007e-03, 3.30600003e-03, 9.90855992e-01,-1.89086902e+00, 3.37753296e+00,-1.73507702e+00,
  1.56320000e+04, 7.16999988e-04, 1.84100005e-03, 9.99644995e-01,-7.92235970e-01, 8.29315007e-01, 3.37661791e+00,
  1.56820000e+04,-5.14299981e-03, 3.79400002e-03, 1.00159800e+00,-1.89086902e+00, 2.67562890e+00, 1.51504505e+00,
  1.57320000e+04, 2.28000004e-04,-1.08900003e-03, 1.00452805e+00,-1.79931605e+00,-3.21426392e+00, 3.55972290e+00,
  1.57820000e+04, 2.67000007e-03, 6.23500021e-03, 9.97691989e-01,-1.31103504e+00, 4.93622005e-01, 7.82622993e-01,
  1.58330000e+04,-2.60000001e-04, 1.50239998e-02, 1.00794601e+00,-7.15942025e-01,-1.73416102e+00, 3.01040697e+00,
  1.58830000e+04,-2.21300009e-03,-6.00999978e-04, 1.00696898e+00, 1.20666504e+00, 8.75092030e-01,-2.48275709e+00,
  1.59340000e+04,-4.16600006e-03,-5.48300007e-03, 1.00550401e+00, 7.94677973e-01, 1.83639503e+00, 1.26495004e-01,
  1.59840000e+04, 7.16999988e-04, 5.74700022e-03, 1.00941002e+00,-2.15026903e+00,-2.13088989e+00, 3.10195899e+00,
  1.60340000e+04, 4.13500005e-03,-4.99500008e-03, 1.00696898e+00,-2.31811500e+00,-2.39028907e+00,-2.75741601e+00,
  1.60840000e+04,-7.47999991e-04,-9.39000025e-03, 9.88902986e-01,-7.15942025e-01, 5.19332886e+00, 2.55264306e+00,
  1.61350000e+04, 7.16999988e-04,-5.48300007e-03, 9.94274020e-01,-4.45559993e-02, 2.64739990e-01, 1.89651501e+00,
  1.61850000e+04, 3.15800007e-03, 1.84100005e-03, 9.87926006e-01,-1.14318800e+00,-9.86481011e-01, 5.84258974e-01,
  1.62360000e+04, 1.69299997e-03, 3.76000011e-04, 1.00159800e+00,-7.15942025e-01, 1.34811401e+00, 4.01154011e-01,
  1.62860000e+04,-4.65499982e-03,-1.57700002e-03, 9.99644995e-01,-5.48096001e-01, 5.87997389e+00,-3.41354299e+00,
  1.63360000e+04, 7.16999988e-04,-6.00999978e-04, 9.92808998e-01, 3.17380019e-02, 5.17807007e+00, 3.39187598e+00,
  1.63870000e+04,-4.16600006e-03,-3.04200011e-03, 9.91832018e-01, 1.71020496e+00,-6.46438599e+00,-7.79281616e+00,
  1.64370000e+04,-4.65499982e-03, 1.84100005e-03, 1.00843406e+00,-2.80639601e+00, 6.71920776e+00, 1.98806798e+00,
  1.64870000e+04,-3.19000008e-03,-4.50700009e-03, 9.99644995e-01, 8.86229992e-01, 1.51596105e+00, 3.49429995e-02,
  1.65380000e+04, 2.28000004e-04, 1.35300006e-03, 1.00208604e+00, 3.67431998e-01,-1.62734997e+00,-2.20809889e+00,
  1.65880000e+04,-6.11899979e-03, 3.76000011e-04, 1.00013304e+00,-1.36107996e-01, 1.42440796e+00,-4.06967211e+00,
  1.66380000e+04,-7.47999991e-04,-1.08900003e-03, 1.00062096e+00,-2.22656202e+00, 2.00424194e+00,-9.87396002e-01,
  1.66890000e+04, 9.01699997e-03,-8.90100002e-03, 1.01429296e+00,-7.15942025e-01, 3.75900292e+00,-4.63424683e+00,
  1.67390000e+04,-1.14900004e-02,-1.57700002e-03, 1.00208604e+00,-2.04345703e+00, 3.43856812e+00,-6.02279711e+00,
  1.67890000e+04, 2.67000007e-03, 7.21199997e-03, 1.00941002e+00, 1.20666504e+00, 1.45492601e+00,-3.04733300e+00,
  1.68390000e+04, 6.57599978e-03,-9.87800024e-03, 1.00892198e+00,-4.71801996e-01,-1.01470999e-01,-2.57431006e+00,
  1.68900000e+04, 4.13500005e-03, 9.65300016e-03, 9.97202992e-01, 1.29821801e+00, 5.86471605e+00,-1.27731299e+00,
  1.69410000e+04,-4.65499982e-03,-2.06499989e-03, 9.98179972e-01,-1.98242199e+00, 3.72848511e+00,-4.16122389e+00,
  1.69910000e+04, 4.13500005e-03, 3.76000011e-04, 9.91832018e-01,-2.15026903e+00, 7.68051100e+00, 7.82622993e-01,
  1.70410000e+04,-1.23699999e-03,-3.04200011e-03, 1.00110996e+00,-1.31103504e+00, 1.00914011e+01,-5.56503296e+00,
  1.70910000e+04, 4.13500005e-03, 2.81700003e-03, 1.00794601e+00, 9.62523997e-01, 6.53610182e+00,-2.02499390e+00,
  1.71410000e+04,-4.16600006e-03, 3.30600003e-03, 9.97202992e-01, 8.70971978e-01, 7.53021002e-01, 1.80496204e+00,
  1.71920000e+04,-5.63099980e-03,-6.00999978e-04, 1.01771104e+00, 1.13037097e+00, 4.03366089e+00, 1.24038696e+00,
  1.72430000e+04,-3.19000008e-03, 4.77099977e-03, 1.00794601e+00, 1.55761695e+00, 1.22604406e+00,-3.04733300e+00,
  1.72930000e+04,-1.23699999e-03, 1.35300006e-03, 9.97202992e-01,-2.12402001e-01, 5.48324585e+00, 3.10195899e+00,
  1.73430000e+04,-7.47999991e-04, 1.06300004e-02, 1.00208604e+00, 1.20666504e+00, 2.70614600e+00, 2.17117310e+00,
  1.73930000e+04,-2.60000001e-04,-4.99500008e-03, 1.00159800e+00, 8.70971978e-01,-3.18374610e+00,-5.66099994e-02,
  1.74430000e+04,-5.63099980e-03, 4.77099977e-03, 9.88902986e-01,-1.05163598e+00, 2.79998988e-01, 1.42349195e+00,
  1.74950000e+04,-1.05140004e-02,-8.41300003e-03, 9.91343975e-01, 1.71020496e+00,-4.52651978e+00, 5.84258974e-01,
  1.75450000e+04,-6.60800003e-03,-4.99500008e-03, 1.00306296e+00,-1.64672804e+00, 2.58407593e+00,-3.50509596e+00,
  1.75950000e+04, 2.28000004e-04, 2.81700003e-03, 9.95738029e-01, 7.79419005e-01,-2.08511400e+00,-4.63424683e+00,
  1.76450000e+04, 2.18100008e-03, 8.67700018e-03, 1.00208604e+00,-3.80248994e-01, 3.57589698e+00, 1.33194005e+00,
  1.76950000e+04,-2.60000001e-04, 1.84100005e-03, 1.00892198e+00,-2.12402001e-01,-3.74832201e+00, 2.07962108e+00,
  1.77450000e+04, 5.59900003e-03,-4.01900010e-03, 1.00696898e+00,-1.55517602e+00, 4.53720093e+00,-1.48163006e-01,
  1.77960000e+04, 4.13500005e-03,-4.50700009e-03, 9.97202992e-01,-1.46362305e+00, 3.63693190e+00,-2.11654592e+00,
  1.78470000e+04,-2.70100008e-03, 3.79400002e-03, 1.01331699e+00, 1.71020496e+00,-3.26004004e+00, 3.57498193e+00,
  1.78970000e+04,-2.60000001e-04, 4.77099977e-03, 1.01233995e+00,-1.36107996e-01,-2.13088989e+00,-2.75741601e+00,
  1.79470000e+04,-2.70100008e-03,-6.00999978e-04, 9.95249987e-01,-4.71801996e-01, 2.61459303e+00, 4.32266188e+00,
  1.79970000e+04,-6.60800003e-03, 4.28200001e-03, 1.00550401e+00, 1.54235804e+00, 7.68280029e-01,-5.29632986e-01,
  1.80480000e+04, 2.18100008e-03,-4.99500008e-03, 1.00159800e+00,-8.83789003e-01,-1.33743298e+00,-2.29965210e+00,
  1.80980000e+04, 3.64600006e-03,-8.41300003e-03, 9.98179972e-01,-7.92235970e-01,-4.45022583e+00,-1.36886597e+00,
  1.81490000e+04,-9.04900022e-03, 8.64000001e-04, 9.96715009e-01, 1.99585006e-01,-4.14505005e+00,-3.46527010e-01,
  1.81990000e+04,-6.60800003e-03,-1.57700002e-03, 9.91343975e-01,-3.80248994e-01,-4.74014282e+00, 4.32266188e+00,
  1.82490000e+04, 5.59900003e-03, 8.64000001e-04, 9.91343975e-01, 1.13037097e+00,-2.61917090e+00, 1.62185705e+00,
  1.82990000e+04,-6.11899979e-03, 1.35300006e-03, 9.99644995e-01,-1.14318800e+00, 2.59933496e+00, 5.52810717e+00,
  1.83500000e+04,-1.23699999e-03,-3.53000010e-03, 9.97691989e-01,-1.21948195e+00, 5.08651686e+00, 2.44583201e+00,
  1.84000000e+04,-2.60000001e-04,-3.04200011e-03, 9.91832018e-01, 8.70971978e-01, 3.71551007e-01,-8.95843029e-01,
  1.84510000e+04, 2.18100008e-03,-6.45999983e-03, 1.00550401e+00,-7.15942025e-01,-1.65786695e+00, 3.94119310e+00,
  1.85010000e+04, 4.62300004e-03,-3.53000010e-03, 1.00794601e+00, 7.03125000e-01, 7.68280029e-01, 1.89651501e+00,
  1.85510000e+04, 1.69299997e-03, 4.77099977e-03, 9.96715009e-01,-6.39648020e-01, 2.49252295e+00,-4.81735182e+00,
  1.86010000e+04,-5.14299981e-03,-6.45999983e-03, 1.00403905e+00,-2.82165504e+00, 2.61459303e+00,-8.04291010e-01,
  1.86520000e+04,-3.19000008e-03, 3.76000011e-04, 9.93296981e-01, 1.54235804e+00,-4.61807203e+00,-8.54049683e+00,
  1.87020000e+04, 3.64600006e-03, 8.64000001e-04, 1.00892198e+00,-2.71484399e+00, 3.63693190e+00,-3.88656592e+00,
  1.87530000e+04, 4.62300004e-03, 8.64000001e-04, 9.92808998e-01, 5.50536990e-01,-4.17556810e+00,-3.90182495e+00,
  1.88030000e+04, 7.06399977e-03,-1.08900003e-03, 1.00794601e+00, 1.29821801e+00,-4.12979078e+00,-6.58737183e+00,
  1.88530000e+04,-4.65499982e-03,-5.48300007e-03, 9.97691989e-01,-1.98242199e+00, 3.37753296e+00, 1.24038696e+00,
  1.89040000e+04,-1.72499998e-03,-5.48300007e-03, 9.96715009e-01, 1.23291001e-01,-2.10037208e+00, 1.42349195e+00,
  1.89540000e+04,-6.11899979e-03,-5.97199984e-03, 1.00696898e+00, 1.63391101e+00, 1.54647803e+00,-1.09420800e+00,
  1.90040000e+04, 5.11100003e-03,-1.12000002e-04, 1.00599205e+00, 1.96960402e+00,-1.82571399e+00, 4.78042603e+00,
  1.90540000e+04, 2.28000004e-04,-6.00999978e-04, 1.00110996e+00, 3.31237793e+00,-5.56411695e+00, 1.05728102e+00,
  1.91050000e+04, 3.15800007e-03,-1.57700002e-03, 1.00208604e+00, 1.20666504e+00,-5.50308180e+00, 7.66433716e+00,
  1.91550000e+04, 3.15800007e-03,-1.08900003e-03, 9.98179972e-01, 5.35278022e-01,-2.87857103e+00, 3.66653490e+00,
  1.92060000e+04,-1.72499998e-03, 4.28200001e-03, 1.00403905e+00, 1.20666504e+00,-1.04751599e+00, 4.78042603e+00,
  1.92560000e+04, 2.18100008e-03, 1.35300006e-03, 9.95249987e-01, 1.23291001e-01,-4.60281420e+00, 5.52810717e+00,
  1.93060000e+04,-5.63099980e-03,-1.12000002e-04, 9.94274020e-01,-1.47888196e+00,-2.31399488e+00, 2.07962108e+00,
  1.93560000e+04, 8.04099999e-03,-3.04200011e-03, 9.96227026e-01, 2.13745093e+00, 1.73187003e-01, 4.59732103e+00,
  1.94070000e+04,-1.14900004e-02,-1.57700002e-03, 9.97202992e-01, 1.80175805e+00, 2.20260596e+00, 5.25344801e+00,
  1.94580000e+04, 5.11100003e-03, 1.84100005e-03, 1.00013304e+00, 1.03881800e+00,-4.63333082e+00,-5.66099994e-02,
  1.95080000e+04, 7.16999988e-04,-6.45999983e-03, 9.92808998e-01, 2.91137993e-01, 1.71432495e+00, 3.10195899e+00,
  1.95580000e+04, 2.67000007e-03, 8.64000001e-04, 9.98179972e-01, 4.07531786e+00,-4.25186205e+00, 4.32266188e+00,
  1.96080000e+04, 9.01699997e-03, 4.28200001e-03, 1.00306296e+00, 7.94677973e-01,-1.73416102e+00, 1.89651501e+00,
  1.96580000e+04,-7.47999991e-04,-1.57700002e-03, 1.00062096e+00, 2.04589796e+00, 1.12152003e-01, 4.12429810e+00,
  1.97090000e+04,-2.60000001e-04, 9.16500017e-03, 1.00062096e+00, 1.37451196e+00,-7.57598996e-01, 3.28506494e+00,
  1.97600000e+04,-1.72499998e-03,-4.01900010e-03, 9.92321014e-01, 1.31347704e+00,-2.03933692e+00, 1.51504505e+00,
  1.98100000e+04, 3.64600006e-03,-1.03660002e-02, 9.86460984e-01, 6.26830995e-01, 2.00424194e+00, 7.38967896e+00,
  1.98600000e+04,-5.63099980e-03,-7.92500004e-03, 9.92321014e-01, 1.46606398e+00, 2.64739990e-01, 5.61965895e+00,
  1.99100000e+04,-2.60000001e-04,-1.12000002e-04, 9.92321014e-01,-8.83789003e-01,-2.97012305e+00, 2.18048006e-01,
  1.99600000e+04,-4.16600006e-03,-2.06499989e-03, 9.89879012e-01, 1.54235804e+00,-2.90908790e+00, 1.51504505e+00,
  2.00110000e+04, 1.69299997e-03,-4.01900010e-03, 9.91343975e-01, 7.03125000e-01,-2.89382911e+00,-5.66099994e-02,
  2.00620000e+04,-2.21300009e-03, 2.81700003e-03, 9.98179972e-01,-5.48096001e-01,-1.35269201e+00, 1.51504505e+00,
  2.01120000e+04, 2.18100008e-03, 3.76000011e-04, 1.00696898e+00, 2.91137993e-01,-8.62120017e-02, 9.65728998e-01,
  2.01620000e+04,-2.60000001e-04, 3.30600003e-03, 1.00696898e+00, 1.48132300e+00,-2.13088989e+00,-1.73507702e+00,
  2.02120000e+04, 5.11100003e-03, 8.67700018e-03, 1.00696898e+00,-1.05163598e+00, 4.59823608e+00, 3.19351196e+00,
  2.02620000e+04,-1.23699999e-03, 7.69999996e-03, 9.96715009e-01,-3.32519507e+00, 8.35189915e+00, 1.24038696e+00,
  2.03130000e+04, 1.69299997e-03,-1.57700002e-03, 1.00013304e+00, 3.67431998e-01, 3.08761597e+00, 2.17117310e+00,
  2.03640000e+04,-6.11899979e-03, 2.81700003e-03, 9.93296981e-01, 1.80175805e+00,-1.65786695e+00,-9.87396002e-01,
  2.04140000e+04, 2.18100008e-03, 8.64000001e-04, 9.95738029e-01,-5.48096001e-01,-6.81304991e-01, 2.82730103e+00,
  2.04640000e+04, 7.55300000e-03,-3.53000010e-03, 9.97202992e-01,-1.21948195e+00, 8.75092030e-01,-6.11434889e+00,
  2.05140000e+04,-4.16600006e-03,-5.48300007e-03, 9.94274020e-01, 2.91137993e-01,-7.59353590e+00, 2.17117310e+00,
  2.05640000e+04,-2.60000001e-04,-1.57700002e-03, 9.94274020e-01,-7.15942025e-01,-1.16958594e+00,-3.79501295e+00,
  2.06150000e+04, 1.19470004e-02,-6.94799982e-03, 9.94274020e-01,-1.31103504e+00,-4.61807203e+00, 3.84963989e+00,
  2.06660000e+04, 4.13500005e-03,-3.04200011e-03, 9.98179972e-01, 1.03881800e+00,-2.69546509e+00, 1.42349195e+00,
  2.07160000e+04,-3.19000008e-03,-6.00999978e-04, 9.93785024e-01,-1.21948195e+00,-2.52761793e+00, 1.62185705e+00,
  2.07660000e+04,-7.47999991e-04,-1.57700002e-03, 1.01380503e+00, 1.03881800e+00, 2.79998988e-01, 3.49429995e-02
 2.08670000e+04,-7.58400001e-03,-5.48300007e-03, 1.00208604e+00, 7.03125000e-01,-4.06646997e-01, 2.64419603e+00,
  2.09170000e+04, 8.04099999e-03,-6.00999978e-04, 1.00062096e+00,-3.49304199e+00, 4.78363007e-01, 1.05728102e+00,
  2.09670000e+04, 3.15800007e-03,-6.00999978e-04, 1.00794601e+00,-1.12793005e+00, 4.56771803e+00, 2.90359497e+00,
  2.10180000e+04, 4.62300004e-03, 1.84100005e-03, 9.87438023e-01, 3.17380019e-02,-5.47256517e+00,-2.54974008e-01,
  2.10680000e+04,-5.14299981e-03, 3.79400002e-03, 1.01917601e+00,-1.47888196e+00, 1.54647803e+00, 1.26495004e-01,
  2.11180000e+04,-2.70100008e-03,-6.00999978e-04, 9.99644995e-01, 2.04589796e+00,-6.35757399e+00, 4.78042603e+00,
  2.11690000e+04,-1.72499998e-03,-4.99500008e-03, 1.00110996e+00, 5.35278022e-01, 9.36127007e-01, 4.68887281e+00,
  2.12190000e+04,-3.19000008e-03,-5.97199984e-03, 9.90855992e-01, 2.80883789e+00,-8.49152029e-01, 3.19351196e+00,
  2.12690000e+04,-8.07200000e-03,-1.57700002e-03, 1.00501597e+00,-8.83789003e-01, 4.30831909e+00, 3.49429995e-02,
  2.13200000e+04,-1.23699999e-03, 1.79539993e-02, 1.00501597e+00,-1.98242199e+00, 9.51385021e-01, 3.19351196e+00,
  2.13700000e+04, 3.15800007e-03,-2.06499989e-03, 9.99644995e-01, 1.99585006e-01, 2.03475904e+00, 6.45889282e+00,
  2.14210000e+04,-2.60000001e-04,-5.48300007e-03, 9.88413990e-01, 1.95434594e+00,-7.47146606e+00, 9.65728998e-01,
  2.14710000e+04, 4.62300004e-03, 1.35300006e-03, 9.93296981e-01,-1.81457496e+00, 4.01840210e+00, 2.18048006e-01,
  2.15210000e+04,-1.23699999e-03,-2.06499989e-03, 9.96715009e-01,-8.07494998e-01, 1.13449097e+00, 4.50576782e+00,
  2.15710000e+04,-1.29549997e-02, 3.76000011e-04, 9.98668015e-01,-1.36107996e-01,-2.81753492e+00,-4.38080013e-01,
  2.16220000e+04,-2.60000001e-04,-4.99500008e-03, 1.00941002e+00,-9.75341976e-01,-1.16729997e-01, 2.82730103e+00,
  2.16720000e+04, 2.67000007e-03,-4.99500008e-03, 1.00892198e+00, 1.37451196e+00,-1.45950305e+00,-3.04733300e+00,
  2.17230000e+04, 5.11100003e-03, 4.28200001e-03, 9.97202992e-01, 2.71728492e+00,-2.13088989e+00,-3.97811890e+00,
  2.17730000e+04,-1.19789997e-02, 5.74700022e-03, 1.00843406e+00,-3.03954989e-01,-1.36794996e+00,-2.11654592e+00,
  2.18230000e+04, 2.18100008e-03, 9.65300016e-03, 9.97202992e-01, 4.74242985e-01, 2.29415894e+00, 1.33194005e+00,
  2.18730000e+04, 2.28000004e-04,-1.12000002e-04, 9.95249987e-01,-6.24390006e-01,-1.45950305e+00,-1.48163006e-01,
  2.19230000e+04, 3.15800007e-03,-3.53000010e-03, 9.88902986e-01,-1.89086902e+00, 1.12510691e+01, 1.51504505e+00,
  2.19750000e+04,-2.70100008e-03, 1.35300006e-03, 1.01038694e+00,-1.31103504e+00, 6.52084303e+00, 2.44583201e+00,
  2.20250000e+04,-4.16600006e-03, 3.76000011e-04, 9.99644995e-01, 3.82690012e-01,-9.76028538e+00, 5.78750610e+00,
  2.20750000e+04, 1.29239997e-02,-5.48300007e-03, 9.94274020e-01, 1.46606398e+00,-5.96084595e+00, 7.11502123e+00,
  2.21250000e+04,-2.70100008e-03, 4.77099977e-03, 9.84996021e-01, 2.21374512e+00,-2.61917090e+00, 3.66653490e+00,
  2.21750000e+04, 1.69299997e-03, 3.30600003e-03, 1.00110996e+00,-2.12402001e-01, 1.71432495e+00,-2.02499390e+00,
  2.22250000e+04, 2.18100008e-03,-3.53000010e-03, 9.88413990e-01,-1.12793005e+00, 2.67562890e+00,-1.64352405e+00,
  2.22770000e+04, 7.06399977e-03,-1.12000002e-04, 9.94274020e-01,-1.72302198e+00, 2.64739990e-01, 2.18048006e-01,
  2.23270000e+04,-5.14299981e-03,-5.97199984e-03, 9.98179972e-01,-7.15942025e-01,-2.08281994e-01, 6.75812006e-01,
  2.23770000e+04, 7.55300000e-03,-3.53000010e-03, 9.96227026e-01, 3.17380019e-02,-5.47256517e+00, 3.57498193e+00,
  2.24270000e+04, 2.18100008e-03, 8.64000001e-04, 1.00403905e+00, 1.99585006e-01, 1.07345605e+00,-1.09420800e+00,
  2.24770000e+04, 2.67000007e-03, 1.35300006e-03, 1.00452805e+00,-1.03637695e+00, 6.52084303e+00,-2.11654592e+00,
  2.25280000e+04, 4.13500005e-03,-5.48300007e-03, 1.00648105e+00, 2.91137993e-01, 2.01950097e+00, 4.92706001e-01,
  2.25780000e+04,-2.70100008e-03, 3.76000011e-04, 1.00208604e+00,-2.12402001e-01, 4.78363007e-01,-2.66586304e+00,
  2.26290000e+04,-5.14299981e-03,-7.92500004e-03, 9.96715009e-01, 5.35278022e-01,-1.36794996e+00,-6.21185005e-01,
  2.26790000e+04, 7.06399977e-03,-5.97199984e-03, 9.99644995e-01, 7.94677973e-01, 1.72958398e+00,-1.27731299e+00,
  2.27290000e+04,-7.47999991e-04,-4.50700009e-03, 1.00696898e+00,-3.03954989e-01,-5.50308180e+00,-3.97811890e+00,
  2.27790000e+04,-4.16600006e-03, 5.74700022e-03, 1.01282799e+00,-6.39648020e-01, 6.61239576e+00,-1.09420800e+00,
  2.28300000e+04, 8.52899998e-03,-1.12000002e-04, 1.00696898e+00,-4.71801996e-01, 9.66643989e-01,-4.16122389e+00,
  2.28800000e+04, 4.13500005e-03,-3.53000010e-03, 1.00110996e+00,-1.64672804e+00, 6.32247877e+00,-2.48275709e+00,
  2.29310000e+04,-8.07200000e-03,-1.57700002e-03, 9.97691989e-01,-2.31811500e+00,-2.29873705e+00,-1.18576002e+00,
  2.29810000e+04,-1.72499998e-03, 1.35300006e-03, 1.00208604e+00, 3.14453101e+00,-9.86481011e-01,-8.95843029e-01,
  2.30310000e+04,-1.23699999e-03,-5.97199984e-03, 9.98668015e-01, 1.03881800e+00,-8.64409983e-01, 1.80496204e+00,
  2.30810000e+04,-1.72499998e-03,-4.01900010e-03, 9.94274020e-01,-9.75341976e-01, 1.51596105e+00,-4.43588305e+00,
  2.31320000e+04, 3.64600006e-03,-1.57700002e-03, 1.00013304e+00, 2.91137993e-01,-5.30471802e+00, 1.33194005e+00,
  2.31820000e+04, 2.67000007e-03,-3.04200011e-03, 1.01087499e+00, 6.42090023e-01,-2.13088989e+00, 6.75812006e-01,
  2.32330000e+04,-1.29549997e-02,-3.53000010e-03, 9.84019995e-01, 5.35278022e-01,-3.77883911e+00, 3.09601009e-01,
  2.32830000e+04, 7.16999988e-04, 4.28200001e-03, 1.01819897e+00,-1.36107996e-01, 1.63803101e+00,-1.18576002e+00,
  2.33330000e+04, 3.15800007e-03,-4.50700009e-03, 1.00208604e+00, 4.69969995e-02,-3.19900489e+00, 1.89651501e+00,
  2.33840000e+04,-1.72499998e-03,-4.50700009e-03, 9.95249987e-01, 1.23291001e-01,-2.81753492e+00, 6.75812006e-01,
  2.34340000e+04,-4.65499982e-03,-1.03660002e-02, 1.00892198e+00,-3.64989996e-01,-8.99734497e+00, 2.72048998e+00,
  2.34840000e+04,-9.04900022e-03,-4.01900010e-03, 9.95738029e-01, 6.11572027e-01,-1.32217395e+00,-1.48163006e-01,
  2.35340000e+04,-4.65499982e-03,-7.92500004e-03, 9.95738029e-01,-4.45559993e-02, 9.68929976e-02,-2.20809889e+00,
  2.35850000e+04, 1.14590004e-02, 1.35300006e-03, 1.00062096e+00, 4.58983988e-01,-3.48892212e+00,-2.29965210e+00,
  2.36350000e+04, 1.69299997e-03,-6.00999978e-04, 1.00013304e+00,-8.83789003e-01, 3.46908593e+00,-4.81735182e+00,
  2.36860000e+04,-2.21300009e-03,-6.45999983e-03, 9.99644995e-01, 6.42090023e-01,-4.16030884e+00, 4.92706001e-01,
  2.37360000e+04, 5.59900003e-03,-5.48300007e-03, 9.91832018e-01,-3.23364305e+00,-2.78701806e+00,-2.11654592e+00,
  2.37860000e+04, 3.15800007e-03,-4.01900010e-03, 1.01136303e+00, 6.26830995e-01,-4.98198986e-01, 2.55264306e+00,
  2.38360000e+04, 3.64600006e-03, 1.84100005e-03, 1.01673496e+00, 9.77783024e-01,-1.84097302e+00, 1.98806798e+00,
  2.38870000e+04, 1.63419992e-02, 1.84100005e-03, 1.00794601e+00,-1.32629395e+00,-4.40444899e+00,-2.54974008e-01,
  2.39380000e+04, 3.15800007e-03,-4.99500008e-03, 1.00306296e+00,-2.05871606e+00, 5.20858812e+00, 2.18048006e-01,
  2.39880000e+04,-6.60800003e-03,-6.00999978e-04, 9.98179972e-01,-2.92969998e-02, 1.33285499e+00,-4.81735182e+00,
  2.40380000e+04,-7.47999991e-04, 7.69999996e-03, 9.97202992e-01,-1.55517602e+00, 7.20748901e+00, 3.19351196e+00,
  2.40880000e+04, 2.67000007e-03, 3.30600003e-03, 9.98668015e-01,-6.39648020e-01,-4.72488403e+00,-3.79501295e+00,
  2.41380000e+04, 7.16999988e-04, 8.18799995e-03, 1.00062096e+00,-5.48096001e-01, 1.83639503e+00,-5.47348022e+00,
  2.41890000e+04,-4.65499982e-03,-4.01900010e-03, 9.91343975e-01, 1.64917004e+00, 4.68978882e+00,-1.48163006e-01,
  2.42400000e+04, 7.16999988e-04,-4.01900010e-03, 9.96715009e-01,-1.14318800e+00, 6.35299683e+00, 1.42349195e+00,
  2.42900000e+04, 2.67000007e-03,-1.12000002e-04, 1.00892198e+00,-3.64989996e-01,-1.16729997e-01,-3.59664893e+00,
  2.43400000e+04,-1.23699999e-03, 7.69999996e-03, 1.01673496e+00,-2.05871606e+00, 8.27560520e+00, 4.92706001e-01,
  2.43900000e+04,-5.63099980e-03,-3.04200011e-03, 1.00648105e+00, 1.99585006e-01,-2.99834996e-01,-6.21185005e-01,
  2.44400000e+04,-1.23699999e-03,-4.50700009e-03, 9.91832018e-01, 2.91137993e-01,-1.73416102e+00,-2.39120507e+00,
  2.44910000e+04, 2.28000004e-04, 3.76000011e-04, 1.00843406e+00,-6.24390006e-01, 6.46210015e-01,-3.68820190e+00,
  2.45420000e+04, 5.59900003e-03,-4.01900010e-03, 1.00501597e+00,-4.45559993e-02, 3.86810005e-01, 1.98806798e+00,
  2.45920000e+04, 7.16999988e-04, 5.25900023e-03, 1.00257397e+00, 1.63391101e+00,-3.48892212e+00, 4.03274488e+00,
  2.46420000e+04,-2.60000001e-04, 7.69999996e-03, 1.01673496e+00, 4.58983988e-01,-2.81753492e+00, 1.71340895e+00,
  2.46920000e+04, 2.18100008e-03,-3.53000010e-03, 9.91832018e-01,-4.71801996e-01, 4.02069002e-01, 1.71340895e+00,
  2.47420000e+04,-4.16600006e-03, 1.20949997e-02, 1.00257397e+00,-3.80248994e-01, 2.50778198e+00, 4.92706001e-01,
  2.47930000e+04, 3.64600006e-03,-5.48300007e-03, 9.96227026e-01, 1.03881800e+00,-2.61917090e+00, 2.91885400e+00,
  2.48430000e+04,-6.60800003e-03, 3.76000011e-04, 1.00403905e+00, 1.63391101e+00,-4.45022583e+00, 3.48342896e+00,
  2.48940000e+04,-1.72499998e-03,-6.00999978e-04, 9.86460984e-01,-3.80248994e-01, 9.25216675e+00,-8.95843029e-01,
  2.49440000e+04, 6.57599978e-03,-6.45999983e-03, 9.96227026e-01,-1.98242199e+00, 8.27560520e+00, 4.12429810e+00,
  2.49940000e+04, 2.67000007e-03,-8.41300003e-03, 1.00696898e+00, 1.03881800e+00,-1.13906896e+00,-1.82663000e+00,
  2.50440000e+04,-1.72499998e-03, 1.84100005e-03, 9.88902986e-01, 7.18384027e-01, 4.32586998e-01, 5.51284790e+00,
  2.50950000e+04,-5.14299981e-03, 7.21199997e-03, 9.99644995e-01,-1.31103504e+00,-1.74942005e+00, 4.41421509e+00,
  2.51450000e+04, 3.15800007e-03, 1.35300006e-03, 9.91343975e-01,-4.45559993e-02,-3.27529907e+00, 4.92706001e-01,
  2.51960000e+04,-2.60000001e-04,-6.45999983e-03, 1.00403905e+00, 7.03125000e-01, 2.20260596e+00,-3.68820190e+00,
  2.52460000e+04,-7.47999991e-04,-5.97199984e-03, 9.96715009e-01,-7.00684011e-01, 9.20867980e-01,-2.68112206e+00,
  2.52960000e+04,-4.65499982e-03,-4.01900010e-03, 9.93785024e-01,-8.07494998e-01, 1.73187003e-01,-5.65658617e+00,
  2.53470000e+04, 7.16999988e-04, 8.64000001e-04, 1.00159800e+00,-2.71484399e+00, 2.00424194e+00, 2.07962108e+00,
  2.53970000e+04, 2.28000004e-04, 3.79400002e-03, 1.00110996e+00, 6.87865973e-01, 6.65817308e+00, 4.01154011e-01,
  2.54470000e+04,-2.70100008e-03, 4.77099977e-03, 9.90855992e-01, 6.42090023e-01,-3.01589990e+00, 5.69000006e-01,
  2.54970000e+04, 2.67000007e-03, 3.30600003e-03, 9.98668015e-01, 8.70971978e-01, 1.13449097e+00,-6.86203003e+00,
  2.55480000e+04,-4.65499982e-03, 3.76000011e-04, 9.72788990e-01, 8.70971978e-01,-6.66046023e-01,-2.66586304e+00,
  2.55980000e+04,-7.47999991e-04,-6.00999978e-04, 1.00892198e+00, 3.67431998e-01, 1.88446000e-01,-4.43588305e+00,
  2.56490000e+04,-4.65499982e-03, 1.35300006e-03, 9.99644995e-01,-2.07397509e+00,-5.25894213e+00,-7.13668823e+00,
  2.56990000e+04,-7.09600002e-03, 3.30600003e-03, 1.00013304e+00, 5.35278022e-01, 5.69916010e-01, 1.42349195e+00,
  2.57490000e+04, 7.16999988e-04, 8.64000001e-04, 1.00306296e+00,-2.12402001e-01,-1.26113904e+00, 3.09601009e-01,
  2.57990000e+04,-4.16600006e-03, 3.30600003e-03, 1.00110996e+00,-1.05163598e+00,-1.84097302e+00,-2.11654592e+00,
  2.58490000e+04,-1.23699999e-03, 1.35300006e-03, 1.02015305e+00, 3.06396991e-01, 5.54656982e-01, 1.14883399e+00,
  2.59010000e+04, 4.13500005e-03, 5.74700022e-03, 1.01038694e+00,-6.39648020e-01,-2.29873705e+00, 1.51504505e+00,
  2.59510000e+04,-1.23699999e-03, 2.81700003e-03, 1.00062096e+00,-3.03954989e-01,-1.15432703e+00, 5.61965895e+00,
  2.60010000e+04,-8.07200000e-03, 3.30600003e-03, 1.01087499e+00,-2.54699707e+00,-9.86481011e-01,-6.21185005e-01,
  2.60510000e+04,-5.14299981e-03, 8.64000001e-04, 1.00452805e+00,-3.95507991e-01, 3.10516000e-01,-2.39120507e+00,
  2.61010000e+04,-2.21300009e-03, 5.25900023e-03, 1.00306296e+00, 3.67431998e-01,-1.15432703e+00, 4.92706001e-01,
  2.61510000e+04, 2.28000004e-04,-1.08900003e-03, 9.96715009e-01, 1.80175805e+00,-4.02298021e+00, 2.26272607e+00,
  2.62030000e+04, 2.67000007e-03,-3.53000010e-03, 1.00403905e+00, 3.17380019e-02,-2.51770001e-02, 3.10195899e+00,
  2.62530000e+04, 6.57599978e-03,-4.99500008e-03, 1.00062096e+00,-6.24390006e-01, 1.04293799e+00, 5.16189623e+00,
  2.63030000e+04,-5.14299981e-03,-4.99500008e-03, 9.86949027e-01, 1.84325993e-01,-5.94558716e+00, 5.84258974e-01,
  2.63530000e+04,-1.23699999e-03, 3.76000011e-04, 9.93785024e-01,-1.81457496e+00, 4.59823608e+00, 6.75812006e-01,
  2.64030000e+04,-6.11899979e-03, 7.21199997e-03, 1.00550401e+00, 2.13745093e+00,-4.67682004e-01, 3.57498193e+00,
  2.64540000e+04,-2.60000001e-04, 3.76000011e-04, 1.00550401e+00, 1.99585006e-01, 3.43856812e+00,-1.91818202e+00,
  2.65040000e+04, 1.14590004e-02,-5.48300007e-03, 9.97202992e-01,-1.31103504e+00,-2.84575999e-01, 2.73574901e+00,
  2.65550000e+04, 8.04099999e-03,-5.48300007e-03, 9.92808998e-01,-1.05163598e+00,-1.07803297e+00,-1.18576002e+00,
  2.66050000e+04, 1.69299997e-03,-6.00999978e-04, 9.84507978e-01, 3.17380019e-02,-3.93142700e+00,-1.36886597e+00,
  2.66550000e+04, 7.16999988e-04,-4.01900010e-03, 9.97691989e-01,-4.56542999e-01,-3.48892212e+00,-5.29632986e-01,
  2.67050000e+04,-2.70100008e-03, 4.28200001e-03, 9.96715009e-01,-1.79931605e+00, 4.79659986e+00,-4.63424683e+00,
  2.67560000e+04, 2.18100008e-03, 2.81700003e-03, 1.01575804e+00, 3.67431998e-01,-4.98198986e-01, 4.03274488e+00,
  2.68060000e+04, 4.62300004e-03, 3.79400002e-03, 1.00159800e+00,-4.56542999e-01,-5.89981079e+00, 4.67361403e+00,
  2.68570000e+04,-1.72499998e-03,-6.00999978e-04, 1.00257397e+00, 1.54235804e+00,-4.54177904e+00, 2.07962108e+00,
  2.69070000e+04, 7.16999988e-04, 5.74700022e-03, 9.87926006e-01, 3.67431998e-01, 2.96554589e+00, 6.09268188e+00,
  2.69570000e+04,-1.72499998e-03,-8.41300003e-03, 9.93296981e-01, 6.42090023e-01, 9.36127007e-01, 2.91885400e+00,
  2.70080000e+04,-1.72499998e-03,-1.12000002e-04, 9.83043015e-01, 4.58983988e-01,-6.96564019e-01,-9.87396002e-01,
  2.70580000e+04,-5.14299981e-03,-3.04200011e-03, 9.96715009e-01,-2.12402001e-01,-4.60281420e+00,-2.86422706e+00,
  2.71080000e+04,-7.47999991e-04, 1.84100005e-03, 9.83043015e-01,-1.36107996e-01, 1.73187003e-01,-6.58737183e+00,
  2.71580000e+04,-7.09600002e-03,-4.01900010e-03, 1.00501597e+00,-1.21948195e+00, 3.95736694e+00,-2.02499390e+00,
  2.72090000e+04,-7.47999991e-04,-2.06499989e-03, 1.00696898e+00, 2.97668505e+00,-4.83169603e+00,-5.93124390e+00,
  2.72590000e+04, 2.28000004e-04, 8.64000001e-04, 1.00257397e+00, 1.20666504e+00, 6.71920776e+00,-3.46527010e-01,
  2.73100000e+04, 3.64600006e-03,-6.00999978e-04, 1.00110996e+00,-1.72302198e+00, 2.49252295e+00,-2.86422706e+00,
  2.73600000e+04, 6.57599978e-03, 5.74700022e-03, 9.98179972e-01,-1.21948195e+00,-2.20718408e+00, 4.96353102e+00,
  2.74100000e+04, 5.11100003e-03,-5.97199984e-03, 9.97202992e-01, 1.37451196e+00,-4.98198986e-01,-1.73507702e+00,
  2.74600000e+04,-1.72499998e-03,-3.53000010e-03, 9.79137003e-01,-5.48096001e-01, 4.02069002e-01, 2.44583201e+00,
  2.75110000e+04, 3.64600006e-03,-6.94799982e-03, 9.89391029e-01,-2.12402001e-01,-2.23770094e+00, 5.98586988e+00,
  2.75610000e+04, 4.13500005e-03,-4.50700009e-03, 9.91343975e-01, 1.29821801e+00, 1.12152003e-01,-8.04291010e-01,
  2.76120000e+04,-2.60000001e-04,-3.04200011e-03, 1.00648105e+00, 7.18384027e-01, 2.58407593e+00, 3.01040697e+00,
  2.76620000e+04,-2.21300009e-03,-5.48300007e-03, 1.01038694e+00, 1.55761695e+00,-6.46438599e+00, 7.82622993e-01,
  2.77120000e+04, 2.67000007e-03, 3.76000011e-04, 1.00989902e+00, 2.91137993e-01, 3.56063795e+00, 3.84963989e+00,
  2.77620000e+04,-1.23699999e-03,-4.99500008e-03, 1.00501597e+00, 1.03881800e+00,-3.56521606e+00, 1.80496204e+00,
  2.78130000e+04, 3.15800007e-03, 4.77099977e-03, 9.85485017e-01, 1.13037097e+00,-3.36685205e+00, 3.09601009e-01,
  2.78640000e+04, 7.06399977e-03,-5.48300007e-03, 9.95738029e-01,-9.75341976e-01,-1.84097302e+00,-1.55197096e+00,
  2.79140000e+04, 1.19470004e-02, 3.30600003e-03, 1.01526999e+00, 1.22192395e+00,-2.52761793e+00, 7.02346802e+00,
  2.79640000e+04, 7.16999988e-04, 4.77099977e-03, 1.00989902e+00,-1.20422399e+00, 6.46210015e-01,-3.04733300e+00,
  2.80140000e+04, 2.28000004e-04,-1.12000002e-04, 9.98668015e-01, 2.47314501e+00,-3.27529907e+00,-8.04291010e-01,
  2.80640000e+04,-6.11899979e-03, 3.30600003e-03, 1.00403905e+00,-8.83789003e-01, 3.92684889e+00, 1.33194005e+00,
  2.81140000e+04,-1.05140004e-02, 7.21199997e-03, 9.88413990e-01, 1.20666504e+00, 6.53610182e+00, 2.82730103e+00,
  2.81660000e+04,-3.19000008e-03, 1.35300006e-03, 1.01233995e+00,-8.83789003e-01,-2.23770094e+00, 8.74176025e-01,
  2.82160000e+04, 7.55300000e-03, 4.77099977e-03, 1.00208604e+00,-1.31103504e+00,-7.57598996e-01,-1.48163006e-01,
  2.82660000e+04,-2.60000001e-04, 3.30600003e-03, 9.97202992e-01,-1.21948195e+00, 4.63104010e-01,-2.02499390e+00,
  2.83160000e+04,-2.70100008e-03,-6.45999983e-03, 1.00550401e+00,-3.80248994e-01,-1.74942005e+00,-2.86422706e+00,
  2.83660000e+04, 4.13500005e-03,-4.99500008e-03, 1.00599205e+00, 2.13745093e+00,-2.51770001e-02,-3.32199097e+00,
  2.84170000e+04,-1.72499998e-03,-4.01900010e-03, 1.00208604e+00,-4.71801996e-01,-7.72858024e-01, 3.49429995e-02,
  2.84680000e+04, 2.28000004e-04, 4.77099977e-03, 9.92808998e-01, 3.67431998e-01, 5.94100904e+00, 8.74176025e-01,
  2.85180000e+04,-2.60000001e-04, 6.23500021e-03, 1.00403905e+00,-7.15942025e-01,-3.94668603e+00, 1.80496204e+00,
  2.85680000e+04, 6.57599978e-03,-2.06499989e-03, 9.98179972e-01,-4.45559993e-02,-5.03005981e+00,-1.91818202e+00,
  2.86180000e+04,-3.19000008e-03,-1.08900003e-03, 1.00208604e+00, 7.03125000e-01, 4.39987183e+00,-9.87396002e-01,
  2.86680000e+04, 3.64600006e-03,-6.00999978e-04, 1.00306296e+00, 1.03881800e+00,-2.97012305e+00, 4.68887281e+00,
  2.87190000e+04,-5.63099980e-03,-1.57700002e-03, 1.02308202e+00, 5.50536990e-01, 3.71551007e-01,-7.12737978e-01,
  2.87690000e+04,-2.60000001e-04, 4.77099977e-03, 1.00110996e+00, 3.67431998e-01, 4.93622005e-01, 5.84258974e-01,
  2.88200000e+04, 2.28000004e-04, 3.30600003e-03, 9.94274020e-01, 1.23291001e-01,-4.98198986e-01,-7.12737978e-01,
  2.88700000e+04,-4.16600006e-03, 2.81700003e-03, 1.01478100e+00, 3.17380019e-02, 1.43966699e+00, 4.01154011e-01,
  2.89200000e+04, 7.06399977e-03,-4.99500008e-03, 9.83043015e-01, 4.06005907e+00, 3.43856812e+00, 1.80496204e+00,
  2.89710000e+04, 2.18100008e-03, 3.76000011e-04, 9.95249987e-01,-6.39648020e-01, 2.67562890e+00, 4.59732103e+00,
  2.90210000e+04, 8.04099999e-03,-1.12000002e-04, 1.00941002e+00,-3.80248994e-01,-6.81304991e-01, 3.66653490e+00,
  2.90710000e+04, 7.16999988e-04, 4.28200001e-03, 1.00306296e+00,-1.05163598e+00, 2.29415894e+00,-8.06747532e+00,
  2.91210000e+04, 3.64600006e-03, 8.64000001e-04, 9.95249987e-01,-2.92969998e-02, 3.83529711e+00, 2.35427904e+00,
  2.91720000e+04, 4.62300004e-03,-4.99500008e-03, 9.95249987e-01, 3.67431998e-01,-1.36794996e+00,-4.34432983e+00,
  2.92220000e+04, 1.14590004e-02, 6.23500021e-03, 1.00306296e+00,-2.48596191e+00, 3.74374390e+00,-2.57431006e+00,
  2.92730000e+04, 5.59900003e-03, 1.35300006e-03, 1.00110996e+00, 3.67431998e-01,-3.07693505e+00,-2.02499390e+00,
  2.93230000e+04,-2.60000001e-04, 3.76000011e-04, 9.85485017e-01,-1.36107996e-01,-1.81045496e+00, 6.75812006e-01,
  2.93730000e+04, 9.50600021e-03, 2.81700003e-03, 1.00159800e+00,-4.56542999e-01, 1.89742994e+00, 1.51504505e+00,
  2.94230000e+04, 7.16999988e-04,-6.00999978e-04, 1.00599205e+00, 1.13037097e+00,-1.64260900e+00, 8.74176025e-01,
  2.94740000e+04,-1.39319999e-02, 8.18799995e-03, 9.91832018e-01, 1.99585006e-01,-2.51770001e-02,-3.13888502e+00,
  2.95240000e+04, 4.62300004e-03,-1.12000002e-04, 9.92321014e-01, 1.03881800e+00, 5.85174978e-01,-1.18576002e+00,
  2.95750000e+04, 1.69299997e-03, 3.76000011e-04, 1.00403905e+00,-2.71484399e+00, 1.71432495e+00, 6.27578688e+00,
  2.96250000e+04,-2.70100008e-03, 8.64000001e-04, 1.01478100e+00, 1.99585006e-01, 2.47726393e+00, 1.89651501e+00,
  2.96750000e+04,-1.23699999e-03, 8.67700018e-03, 1.00501597e+00,-2.05871606e+00, 1.24130201e+00,-2.48275709e+00,
  2.97250000e+04, 4.13500005e-03, 7.21199997e-03, 1.00550401e+00,-2.31811500e+00, 7.40585279e+00, 7.02346802e+00,
  2.97750000e+04,-2.70100008e-03, 1.84100005e-03, 9.98179972e-01, 3.06396991e-01,-3.87039208e+00, 1.80496204e+00,
  2.98270000e+04, 7.16999988e-04,-1.57700002e-03, 9.92321014e-01, 2.90039110e+00, 4.63104010e-01, 4.50576782e+00,
  2.98770000e+04,-3.19000008e-03,-2.06499989e-03, 9.93785024e-01,-3.03954989e-01, 4.30831909e+00,-2.66586304e+00,
  2.99270000e+04, 1.14590004e-02, 1.01420004e-02, 9.99644995e-01, 2.19848609e+00,-4.87747192e+00, 3.48342896e+00,
  2.99770000e+04, 7.06399977e-03, 1.84100005e-03, 1.00648105e+00, 2.30529809e+00,-1.65786695e+00, 5.05508423e+00,
  3.00270000e+04,-5.63099980e-03, 6.23500021e-03, 9.87438023e-01, 4.58983988e-01, 2.85873389e+00, 4.50576782e+00,
  3.00770000e+04,-5.63099980e-03, 7.21199997e-03, 1.01478100e+00,-6.39648020e-01, 5.39169312e+00,-1.36886597e+00,
  3.01290000e+04,-7.09600002e-03,-3.53000010e-03, 1.00013304e+00,-7.15942025e-01, 1.12152003e-01, 1.89651501e+00,
  3.01790000e+04, 2.28000004e-04, 9.16500017e-03, 1.00501597e+00,-1.31103504e+00, 3.54538012e+00,-7.79281616e+00,
  3.02290000e+04,-1.23699999e-03, 2.81700003e-03, 9.99644995e-01, 7.94677973e-01,-1.56631505e+00, 4.01154011e-01,
  3.02790000e+04,-2.21300009e-03,-4.50700009e-03, 9.95738029e-01, 7.94677973e-01,-2.03933692e+00,-5.29632986e-01,
  3.03290000e+04, 7.06399977e-03, 3.30600003e-03, 9.89391029e-01, 2.91137993e-01, 1.82113600e+00, 1.89651501e+00,
  3.03800000e+04,-7.58400001e-03,-6.00999978e-04, 1.00062096e+00, 1.05407703e+00,-6.28128004e+00, 4.30740404e+00,
  3.04310000e+04,-1.23699999e-03,-4.50700009e-03, 1.00892198e+00,-1.14318800e+00,-1.15432703e+00,-1.82663000e+00,
  3.04810000e+04, 3.64600006e-03,-1.12000002e-04, 1.00550401e+00, 1.80175805e+00,-3.76129001e-01, 5.98586988e+00,
  3.05310000e+04,-1.23699999e-03,-1.12000002e-04, 1.00648105e+00, 8.55713010e-01,-2.57339501e+00, 4.50576782e+00,
  3.05810000e+04, 2.28000004e-04,-6.00999978e-04, 1.00501597e+00,-2.65380907e+00, 5.26962280e+00, 4.32266188e+00,
  3.06310000e+04,-5.63099980e-03,-2.06499989e-03, 9.91832018e-01, 2.06115699e+00,-9.34829807e+00, 1.62185705e+00,
  3.06820000e+04,-6.11899979e-03, 7.21199997e-03, 9.83530998e-01,-1.32629395e+00, 3.77426100e+00, 3.09601009e-01,
  3.07330000e+04,-5.63099980e-03,-2.06499989e-03, 9.94274020e-01,-9.60083008e-01,-2.08281994e-01,-9.87396002e-01,
  3.07830000e+04,-9.53700021e-03,-1.08900003e-03, 1.01380503e+00, 1.54235804e+00, 8.59833002e-01, 4.01154011e-01,
  3.08330000e+04,-1.23699999e-03,-4.01900010e-03, 9.91343975e-01,-1.36107996e-01, 1.51596105e+00, 2.55264306e+00,
  3.08830000e+04,-1.23699999e-03, 4.77099977e-03, 1.00013304e+00,-2.12402001e-01, 1.22604406e+00,-9.87396002e-01
 3.09840000e+04, 9.99400020e-03, 1.35300006e-03, 1.00062096e+00,-1.98242199e+00, 4.10995483e+00, 1.71340895e+00,
  3.10350000e+04, 3.64600006e-03, 8.18799995e-03, 9.95738029e-01,-2.12402001e-01,-5.74492991e-01,-1.48163006e-01,
  3.10850000e+04, 2.67000007e-03,-1.57700002e-03, 1.00648105e+00, 3.17380019e-02, 1.13449097e+00, 3.48342896e+00,
  3.11350000e+04,-1.44199999e-02,-3.04200011e-03, 1.00306296e+00, 7.03125000e-01, 2.95257986e-01,-4.63424683e+00,
  3.11850000e+04,-4.65499982e-03, 5.25900023e-03, 9.84507978e-01,-6.39648020e-01,-3.87039208e+00, 1.14883399e+00,
  3.12360000e+04, 7.16999988e-04, 3.76000011e-04, 9.99644995e-01,-1.36107996e-01, 1.62277198e+00, 2.55264306e+00,
  3.12860000e+04, 1.19470004e-02,-2.06499989e-03, 1.00110996e+00, 3.67431998e-01,-1.82571399e+00, 1.05728102e+00,
  3.13360000e+04, 1.24350004e-02,-6.00999978e-04, 9.92808998e-01, 2.04589796e+00, 3.43856812e+00, 2.07962108e+00,
  3.13870000e+04,-1.05140004e-02, 1.84100005e-03, 1.00452805e+00, 1.23291001e-01,-1.93023995e-01,-2.20809889e+00,
  3.14370000e+04,-9.04900022e-03, 2.81700003e-03, 9.98668015e-01,-2.13501000e+00,-1.56631505e+00,-2.39120507e+00,
  3.14880000e+04, 7.55300000e-03, 1.35300006e-03, 9.84019995e-01, 2.91137993e-01,-6.17446899e+00, 3.75808692e+00,
  3.15380000e+04, 3.15800007e-03,-6.00999978e-04, 1.00843406e+00, 3.38867211e+00, 5.65109301e+00,-1.18576002e+00,
  3.15880000e+04, 2.28000004e-04,-4.99500008e-03, 1.00501597e+00, 2.13745093e+00, 3.17916894e+00,-5.66099994e-02,
  3.16380000e+04, 7.16999988e-04,-3.04200011e-03, 9.95738029e-01, 5.35278022e-01, 3.05709791e+00,-1.55197096e+00,
  3.16890000e+04,-1.10020004e-02, 2.81700003e-03, 1.00989902e+00,-3.64989996e-01,-8.79669011e-01, 3.49429995e-02,
  3.17390000e+04, 3.15800007e-03, 1.35300006e-03, 1.00989902e+00, 2.91137993e-01,-6.52542114e+00,-2.54974008e-01,
  3.17900000e+04,-5.63099980e-03,-1.57700002e-03, 9.95738029e-01, 1.45080602e+00,-4.52423006e-01, 4.92706001e-01,
  3.18400000e+04,-3.19000008e-03,-4.50700009e-03, 9.98179972e-01, 1.03881800e+00, 7.68280029e-01,-4.25277710e+00,
  3.18900000e+04,-7.47999991e-04,-1.08900003e-03, 1.00257397e+00, 3.67431998e-01, 1.89742994e+00,-2.66586304e+00,
  3.19400000e+04,-2.60000001e-04,-1.03660002e-02, 9.93296981e-01, 1.96960402e+00,-4.31289721e+00, 2.18048006e-01,
  3.19900000e+04, 9.01699997e-03,-4.50700009e-03, 9.97202992e-01,-1.29577601e+00,-9.86481011e-01, 3.57498193e+00,
  3.20410000e+04,-2.21300009e-03,-5.48300007e-03, 9.81090009e-01, 7.03125000e-01,-4.99954224e+00, 4.78042603e+00,
  3.20920000e+04,-1.72499998e-03,-2.06499989e-03, 9.93296981e-01, 7.18384027e-01,-4.21905994e-01,-5.44891000e-01,
  3.21420000e+04,-4.16600006e-03, 3.30600003e-03, 9.93785024e-01,-2.92969998e-02,-4.74014282e+00, 1.51504505e+00,
  3.21920000e+04, 3.15800007e-03,-5.48300007e-03, 9.94274020e-01,-2.05871606e+00, 2.21786499e+00, 7.29812622e+00,
  3.22420000e+04,-1.23699999e-03, 7.21199997e-03, 1.00550401e+00, 1.63391101e+00,-3.58047509e+00,-2.29965210e+00,
  3.22920000e+04, 3.15800007e-03,-3.04200011e-03, 9.96227026e-01, 7.18384027e-01, 1.04293799e+00, 2.55264306e+00,
  3.23440000e+04,-2.21300009e-03, 3.79400002e-03, 9.79137003e-01,-2.21130395e+00,-6.05010986e-01,-1.73507702e+00,
  3.23940000e+04, 1.69299997e-03,-1.08900003e-03, 9.98668015e-01,-5.48096001e-01,-1.56631505e+00, 3.57498193e+00,
  3.24440000e+04, 5.59900003e-03, 8.18799995e-03, 1.00794601e+00, 2.13745093e+00, 2.09579492e+00, 5.98586988e+00,
  3.24940000e+04, 2.18100008e-03,-3.04200011e-03, 1.00501597e+00,-1.63146996e+00, 3.72848511e+00,-1.55197096e+00,
  3.25440000e+04, 3.64600006e-03,-3.04200011e-03, 9.99644995e-01,-7.92235970e-01,-3.00064111e+00,-3.50509596e+00,
  3.25940000e+04, 3.64600006e-03,-1.12000002e-04, 9.92808998e-01,-1.20849997e-01, 5.54656982e-01,-2.66586304e+00,
  3.26450000e+04, 2.18100008e-03, 4.77099977e-03, 9.92808998e-01,-2.56225610e+00, 1.82113600e+00, 4.92706001e-01,
  3.26960000e+04, 1.19470004e-02,-7.92500004e-03, 9.91832018e-01,-2.30285597e+00,-7.11821973e-01, 1.22512805e+00,
  3.27460000e+04, 7.16999988e-04, 2.81700003e-03, 9.98179972e-01, 2.97668505e+00, 2.50778198e+00,-4.38080013e-01,
  3.27960000e+04, 1.69299997e-03, 3.30600003e-03, 9.98179972e-01, 1.99585006e-01, 1.16500902e+00, 8.74176025e-01,
  3.28460000e+04, 2.28000004e-04, 1.35300006e-03, 9.98668015e-01, 7.03125000e-01,-6.05010986e-01, 2.82730103e+00,
  3.28970000e+04,-9.04900022e-03,-2.06499989e-03, 9.95738029e-01, 5.50536990e-01, 4.01840210e+00, 1.24038696e+00,
  3.29470000e+04,-1.72499998e-03, 8.64000001e-04, 9.93785024e-01, 1.13037097e+00, 4.04892015e+00, 6.18423510e+00,
  3.29970000e+04, 9.01699997e-03,-5.97199984e-03, 1.00159800e+00, 8.70971978e-01, 2.70614600e+00, 5.84258974e-01,
  3.30480000e+04, 5.59900003e-03,-6.94799982e-03, 1.00696898e+00,-4.45559993e-02, 1.88446000e-01, 3.09601009e-01,
  3.30980000e+04,-7.09600002e-03, 4.77099977e-03, 9.95738029e-01, 1.71020496e+00,-2.13088989e+00,-1.18576002e+00,
  3.31480000e+04,-7.47999991e-04,-6.45999983e-03, 1.00208604e+00, 3.67431998e-01,-6.05010986e-01,-1.48163006e-01,
  3.31990000e+04,-1.23699999e-03, 8.64000001e-04, 9.91832018e-01,-5.32836974e-01,-1.01699805e+00,-1.29257202e+00,
  3.32490000e+04, 5.11100003e-03,-4.50700009e-03, 9.92808998e-01,-2.05871606e+00, 6.16989088e+00, 4.96353102e+00,
  3.32990000e+04,-1.72499998e-03, 8.64000001e-04, 1.00208604e+00, 1.46606398e+00,-2.13088989e+00,-5.29632986e-01,
  3.33500000e+04, 2.18100008e-03,-1.08900003e-03, 9.99644995e-01, 7.94677973e-01, 3.72848511e+00,-2.29965210e+00,
  3.34000000e+04,-6.11899979e-03, 3.30600003e-03, 9.98179972e-01, 3.67431998e-01,-3.07693505e+00, 8.74176025e-01,
  3.34510000e+04, 7.16999988e-04, 1.84100005e-03, 9.95249987e-01, 1.63391101e+00,-3.35159302e+00, 6.27578688e+00,
  3.35010000e+04, 2.67000007e-03, 2.81700003e-03, 9.97202992e-01, 8.70971978e-01,-4.67682004e-01, 5.34500122e+00,
  3.35510000e+04, 5.11100003e-03,-5.97199984e-03, 9.97691989e-01, 1.13037097e+00, 4.78363007e-01, 1.71340895e+00,
  3.36010000e+04, 7.06399977e-03, 1.35300006e-03, 9.95738029e-01, 1.63391101e+00, 2.87399292e+00, 4.01154011e-01,
  3.36510000e+04, 2.18100008e-03,-8.41300003e-03, 9.93296981e-01, 5.35278022e-01, 5.94100904e+00, 7.20657301e+00,
  3.37020000e+04, 5.59900003e-03,-8.41300003e-03, 9.90855992e-01,-2.54699707e+00, 6.32247877e+00, 2.35427904e+00,
  3.37530000e+04,-6.11899979e-03, 3.79400002e-03, 1.00257397e+00, 2.79357910e+00,-3.15322900e+00, 1.98806798e+00,
  3.38030000e+04, 2.18100008e-03, 1.84100005e-03, 9.94274020e-01, 1.29821801e+00,-3.35159302e+00,-1.18576002e+00,
  3.38530000e+04, 8.52899998e-03,-1.57700002e-03, 1.00794601e+00,-8.83789003e-01, 4.01840210e+00,-1.18576002e+00,
  3.39030000e+04, 2.67000007e-03, 2.81700003e-03, 1.00208604e+00, 1.87805200e+00,-7.48672485e+00,-3.46527010e-01,
  3.39530000e+04, 7.16999988e-04,-4.99500008e-03, 9.94274020e-01, 3.17380019e-02, 3.71551007e-01,-9.87396002e-01,
  3.40030000e+04, 3.64600006e-03,-9.87800024e-03, 1.00648105e+00, 3.66333008e+00, 2.18734694e+00, 2.07962108e+00,
  3.40550000e+04,-2.21300009e-03,-6.00999978e-04, 9.99644995e-01,-6.39648020e-01,-2.58865404e+00,-1.91818202e+00,
  3.41050000e+04,-4.65499982e-03, 7.69999996e-03, 9.93785024e-01,-2.12402001e-01, 7.68280029e-01,-6.58737183e+00,
  3.41550000e+04,-7.47999991e-04, 4.28200001e-03, 9.98668015e-01,-1.03637695e+00,-1.38320899e+00,-3.33724904e+00,
  3.42050000e+04,-2.60000001e-04,-3.53000010e-03, 9.92808998e-01,-2.15026903e+00,-1.16729997e-01,-6.21185005e-01,
  3.42550000e+04,-2.60000001e-04, 1.35300006e-03, 1.00501597e+00, 1.71020496e+00, 2.59933496e+00,-3.23043799e+00,
  3.43060000e+04, 1.04820002e-02, 5.25900023e-03, 9.93785024e-01,-9.75341976e-01, 5.94100904e+00,-3.50509596e+00,
  3.43570000e+04, 7.16999988e-04, 7.21199997e-03, 9.97691989e-01,-3.82873511e+00, 2.64739990e-01,-5.00045776e+00,
  3.44070000e+04,-5.63099980e-03, 3.79400002e-03, 1.00452805e+00,-7.92235970e-01,-1.56631505e+00,-3.13888502e+00,
  3.44570000e+04, 9.01699997e-03,-6.00999978e-04, 1.00110996e+00,-2.88695991e-01,-4.06646997e-01, 2.17117310e+00,
  3.45070000e+04,-5.14299981e-03, 6.23500021e-03, 1.00257397e+00,-1.87560999e+00, 2.38571191e+00,-5.66099994e-02,
  3.45570000e+04, 9.99400020e-03,-1.57700002e-03, 9.98668015e-01,-3.19213986e-01, 2.90451002e+00,-2.54974008e-01,
  3.46080000e+04,-4.16600006e-03, 4.28200001e-03, 1.00599205e+00,-3.23364305e+00, 3.17916894e+00,-3.50509596e+00,
  3.46590000e+04, 4.13500005e-03,-5.48300007e-03, 9.95249987e-01,-1.14318800e+00,-4.63333082e+00, 4.41421509e+00,
  3.47090000e+04,-7.47999991e-04, 3.76000011e-04, 9.99644995e-01,-1.55517602e+00, 4.82711792e+00, 3.19351196e+00,
  3.47590000e+04, 1.24350004e-02,-3.04200011e-03, 1.00110996e+00, 2.71728492e+00,-7.88115978e-01, 5.43655396e+00,
  3.48090000e+04,-6.60800003e-03,-6.45999983e-03, 9.98668015e-01, 2.04589796e+00, 4.52194214e+00, 1.33194005e+00,
  3.48600000e+04,-2.70100008e-03, 8.64000001e-04, 1.00062096e+00, 7.03125000e-01,-2.81753492e+00, 1.26495004e-01,
  3.49100000e+04,-1.23699999e-03, 2.81700003e-03, 9.95249987e-01, 3.67431998e-01,-3.48892212e+00, 1.71340895e+00,
  3.49610000e+04, 3.64600006e-03,-4.99500008e-03, 9.93296981e-01, 2.80883789e+00,-1.74942005e+00, 6.45889282e+00,
  3.50110000e+04, 2.28000004e-04, 8.64000001e-04, 1.00648105e+00, 7.94677973e-01, 2.70614600e+00, 2.55264306e+00,
  3.50610000e+04, 2.18100008e-03,-3.04200011e-03, 9.84507978e-01,-2.13501000e+00, 4.00314283e+00, 2.06436205e+00,
  3.51110000e+04,-2.21300009e-03, 5.25900023e-03, 9.97691989e-01,-6.39648020e-01,-5.74492991e-01, 4.87197924e+00,
  3.51620000e+04, 6.57599978e-03, 4.28200001e-03, 9.96715009e-01, 3.82690012e-01, 5.46798706e+00, 5.05508423e+00,
  3.52120000e+04,-2.21300009e-03,-2.06499989e-03, 9.93785024e-01,-7.00684011e-01, 1.33285499e+00,-2.75741601e+00,
  3.52620000e+04, 2.18100008e-03,-1.08900003e-03, 9.91343975e-01, 4.69969995e-02, 1.60751295e+00, 1.26495004e-01,
  3.53130000e+04, 2.28000004e-04, 1.45359999e-02, 1.02357101e+00, 5.35278022e-01,-1.44424403e+00, 4.87197924e+00,
  3.53630000e+04, 3.64600006e-03, 2.81700003e-03, 1.00989902e+00,-3.03954989e-01, 1.14974999e+00, 4.12429810e+00,
  3.54140000e+04,-1.72499998e-03, 1.35300006e-03, 1.00013304e+00, 1.63391101e+00,-2.61917090e+00,-1.27731299e+00,
  3.54640000e+04,-1.23699999e-03, 8.67700018e-03, 1.00159800e+00, 1.05407703e+00,-8.40225315e+00, 2.81204200e+00,
  3.55140000e+04, 3.15800007e-03,-1.08900003e-03, 1.01087499e+00,-1.98242199e+00, 3.94210792e+00, 4.78042603e+00,
  3.55640000e+04,-2.60000001e-04,-2.06499989e-03, 1.00403905e+00, 7.94677973e-01, 2.61459303e+00, 7.48123217e+00,
  3.56150000e+04, 2.67000007e-03, 5.25900023e-03, 9.87926006e-01,-8.07494998e-01,-3.29055810e+00, 2.82730103e+00,
  3.56650000e+04, 2.18100008e-03,-1.12000002e-04, 1.00257397e+00, 1.37451196e+00,-1.15432703e+00, 2.73574901e+00,
  3.57160000e+04,-4.16600006e-03, 1.20949997e-02, 9.93785024e-01, 8.70971978e-01,-1.07803297e+00,-5.66099994e-02,
  3.57660000e+04, 6.57599978e-03,-2.06499989e-03, 9.97202992e-01,-1.72302198e+00, 2.88925195e+00, 7.82622993e-01,
  3.58160000e+04, 4.62300004e-03, 5.74700022e-03, 1.00159800e+00, 1.54235804e+00,-2.99834996e-01, 4.78042603e+00,
  3.58660000e+04, 4.62300004e-03, 4.28200001e-03, 1.00696898e+00,-4.71801996e-01,-2.71072412e+00, 6.82510424e+00,
  3.59160000e+04, 5.59900003e-03,-2.06499989e-03, 9.97202992e-01, 7.94677973e-01, 1.83639503e+00,-9.87396002e-01,
  3.59680000e+04, 6.57599978e-03, 1.06300004e-02, 9.88902986e-01, 1.13037097e+00,-2.29873705e+00, 2.44583201e+00,
  3.60180000e+04, 3.64600006e-03, 2.81700003e-03, 1.00892198e+00, 4.58983988e-01,-3.29055810e+00, 5.98586988e+00,
  3.60680000e+04,-1.23699999e-03, 1.84100005e-03, 1.00013304e+00, 1.37451196e+00,-4.74014282e+00, 2.55264306e+00,
  3.61180000e+04, 8.52899998e-03, 3.30600003e-03, 1.00794601e+00, 1.23291001e-01,-2.51770001e-02, 2.17117310e+00,
  3.61680000e+04,-4.65499982e-03, 2.81700003e-03, 1.00989902e+00, 8.86229992e-01,-6.37283278e+00, 1.14883399e+00,
  3.62180000e+04, 5.11100003e-03, 3.76000011e-04, 9.89391029e-01,-2.22656202e+00, 3.14865088e+00, 1.14883399e+00,
  3.62700000e+04, 1.69299997e-03,-1.08900003e-03, 1.00208604e+00,-8.07494998e-01,-3.18374610e+00, 1.98806798e+00,
  3.63200000e+04,-3.19000008e-03, 4.77099977e-03, 1.00110996e+00, 7.03125000e-01,-1.24588001e+00, 1.80496204e+00,
  3.63700000e+04, 2.28000004e-04,-6.45999983e-03, 1.00599205e+00,-1.05163598e+00, 6.46210015e-01,-7.12737978e-01,
  3.64200000e+04, 2.67000007e-03,-6.45999983e-03, 1.00013304e+00,-6.39648020e-01, 8.07723999e+00, 1.05728102e+00,
  3.64700000e+04, 3.15800007e-03,-2.06499989e-03, 9.94274020e-01, 5.35278022e-01, 1.16500902e+00, 5.34500122e+00,
  3.65200000e+04,-4.65499982e-03, 5.25900023e-03, 9.97691989e-01,-6.39648020e-01,-3.76129001e-01, 2.26272607e+00,
  3.65710000e+04,-5.14299981e-03, 4.77099977e-03, 9.84019995e-01, 3.17380019e-02, 3.14865088e+00, 6.55044603e+00,
  3.66220000e+04,-2.60000001e-04,-3.04200011e-03, 1.01136303e+00,-2.12402001e-01,-2.03933692e+00, 3.48342896e+00,
  3.66720000e+04, 7.55300000e-03,-1.08900003e-03, 9.90855992e-01,-7.15942025e-01,-1.74942005e+00, 1.62185705e+00,
  3.67220000e+04, 2.28000004e-04, 9.65300016e-03, 9.98668015e-01,-4.71801996e-01, 1.34811401e+00,-1.91818202e+00,
  3.67720000e+04, 5.11100003e-03,-6.00999978e-04, 9.92321014e-01,-1.36107996e-01,-3.27529907e+00,-2.66586304e+00,
  3.68230000e+04, 7.16999988e-04, 3.76000011e-04, 9.90855992e-01,-1.05163598e+00, 1.71432495e+00,-2.20809889e+00,
  3.68730000e+04,-1.23699999e-03, 1.84100005e-03, 9.98179972e-01, 3.17380019e-02,-2.61917090e+00,-4.52743483e+00,
  3.69240000e+04, 9.50600021e-03,-1.08900003e-03, 9.92808998e-01,-1.55517602e+00, 1.73187003e-01,-5.93124390e+00,
  3.69740000e+04,-1.72499998e-03,-6.00999978e-04, 1.00648105e+00,-1.55517602e+00, 1.51596105e+00, 1.42349195e+00,
  3.70240000e+04,-4.65499982e-03,-1.57700002e-03, 1.00062096e+00,-1.81457496e+00, 1.05819702e+00, 4.12429810e+00,
  3.70740000e+04, 2.18100008e-03, 5.74700022e-03, 1.00159800e+00, 8.86229992e-01,-1.45950305e+00,-1.91818202e+00,
  3.71250000e+04, 2.28000004e-04, 5.74700022e-03, 9.96227026e-01,-6.24390006e-01,-1.07803297e+00, 9.65728998e-01,
  3.71750000e+04, 4.62300004e-03,-1.12000002e-04, 9.99644995e-01, 8.70971978e-01,-1.91726696e+00, 1.05728102e+00,
  3.72260000e+04,-5.14299981e-03,-1.57700002e-03, 9.94274020e-01,-4.24072218e+00,-6.81304991e-01, 1.62185705e+00,
  3.72760000e+04,-5.63099980e-03,-5.97199984e-03, 9.98668015e-01, 2.97668505e+00,-4.83169603e+00, 3.10195899e+00,
  3.73260000e+04, 4.62300004e-03,-5.97199984e-03, 1.00403905e+00, 7.03125000e-01,-3.09219408e+00, 3.84963989e+00,
  3.73770000e+04, 3.64600006e-03,-4.01900010e-03, 9.98668015e-01,-1.63146996e+00,-1.84097302e+00, 5.84258974e-01,
  3.74270000e+04,-4.16600006e-03, 3.76000011e-04, 9.86460984e-01,-6.39648020e-01, 3.71551007e-01,-2.20809889e+00,
  3.74770000e+04,-1.23699999e-03,-3.04200011e-03, 9.91343975e-01,-7.15942025e-01, 2.96554589e+00, 1.24038696e+00,
  3.75280000e+04, 3.64600006e-03, 3.76000011e-04, 1.01429296e+00,-7.15942025e-01, 4.30831909e+00,-2.20809889e+00,
  3.75780000e+04,-2.70100008e-03, 3.79400002e-03, 1.01087499e+00,-1.20422399e+00, 1.22604406e+00,-2.66586304e+00,
  3.76280000e+04,-1.72499998e-03, 7.21199997e-03, 9.95249987e-01, 1.29821801e+00, 6.26144409e+00, 1.71340895e+00,
  3.76790000e+04, 4.13500005e-03,-6.00999978e-04, 1.01282799e+00, 2.30529809e+00, 1.34811401e+00,-2.39120507e+00,
  3.77290000e+04,-7.47999991e-04, 8.67700018e-03, 9.88902986e-01, 1.54235804e+00,-2.89382911e+00,-6.21185005e-01,
  3.77790000e+04,-1.23699999e-03, 5.74700022e-03, 1.00403905e+00, 2.71728492e+00,-6.08291578e+00,-4.72580004e+00,
  3.78300000e+04, 5.59900003e-03,-6.00999978e-04, 1.00941002e+00, 1.63391101e+00,-3.67202806e+00,-6.77047682e+00,
  3.78800000e+04,-6.60800003e-03,-4.01900010e-03, 9.84019995e-01,-1.21948195e+00, 1.14974999e+00, 1.80496204e+00,
  3.79310000e+04, 3.15800007e-03, 8.64000001e-04, 9.97691989e-01,-2.92969998e-02, 4.79659986e+00,-5.29632986e-01,
  3.79810000e+04, 4.62300004e-03, 4.28200001e-03, 9.96715009e-01,-6.39648020e-01,-8.79669011e-01,-1.18576002e+00,
  3.80310000e+04, 2.18100008e-03, 3.79400002e-03, 9.96715009e-01, 1.23291001e-01,-2.22244310e+00, 2.07962108e+00,
  3.80810000e+04,-6.11899979e-03,-4.99500008e-03, 9.97202992e-01,-4.45559993e-02, 4.50668287e+00,-4.38080013e-01,
  3.81310000e+04,-7.58400001e-03,-3.04200011e-03, 9.92321014e-01, 4.58983988e-01,-5.74492991e-01, 2.26272607e+00,
  3.81820000e+04,-2.60000001e-04, 1.84100005e-03, 1.00501597e+00,-9.75341976e-01, 1.60751295e+00, 1.71340895e+00,
  3.82330000e+04, 2.28000004e-04, 3.79400002e-03, 1.00062096e+00,-1.89086902e+00,-2.89382911e+00, 4.21585083e+00,
  3.82830000e+04,-2.70100008e-03, 3.76000011e-04, 1.00892198e+00,-4.45559993e-02, 4.21676588e+00, 1.89651501e+00,
  3.83330000e+04, 2.28000004e-04,-3.04200011e-03, 1.00257397e+00, 5.35278022e-01,-3.85513306e+00,-6.21185005e-01,
  3.83830000e+04, 3.64600006e-03, 3.76000011e-04, 9.96227026e-01,-2.48596191e+00, 1.33285499e+00,-1.91818202e+00,
  3.84330000e+04,-2.60000001e-04,-1.08900003e-03, 1.00892198e+00,-2.48596191e+00,-9.55963016e-01, 5.16189623e+00,
  3.84840000e+04,-5.63099980e-03, 5.25900023e-03, 1.01038694e+00,-1.38732898e+00,-9.71221983e-01,-1.46041906e+00,
  3.85350000e+04,-2.21300009e-03, 4.77099977e-03, 1.01136303e+00, 4.06005907e+00, 4.50668287e+00, 2.26272607e+00,
  3.85850000e+04,-7.47999991e-04,-2.06499989e-03, 9.86460984e-01, 7.94677973e-01,-2.89382911e+00, 5.52810717e+00,
  3.86350000e+04, 6.57599978e-03, 6.23500021e-03, 9.91832018e-01, 1.31347704e+00, 1.73187003e-01, 1.26495004e-01,
  3.86850000e+04, 5.11100003e-03, 3.30600003e-03, 9.98668015e-01,-3.03954989e-01,-2.60391212e+00, 1.71340895e+00,
  3.87350000e+04, 2.28000004e-04,-4.01900010e-03, 1.01526999e+00, 1.99585006e-01, 1.80587804e+00, 4.01154011e-01,
  3.87860000e+04, 5.59900003e-03,-4.01900010e-03, 9.97202992e-01, 1.99585006e-01,-6.44912720e+00, 4.50576782e+00,
  3.88370000e+04,-7.47999991e-04,-3.53000010e-03, 1.00062096e+00,-1.31103504e+00, 1.83639503e+00,-1.36886597e+00,
  3.88870000e+04,-7.47999991e-04, 5.74700022e-03, 9.96715009e-01,-1.31103504e+00,-9.55963016e-01, 5.84258974e-01,
  3.89370000e+04,-7.09600002e-03,-6.00999978e-04, 9.87926006e-01,-7.00684011e-01,-1.67312598e+00, 3.74282908e+00,
  3.89870000e+04, 4.13500005e-03, 1.35300006e-03, 1.00452805e+00,-1.31103504e+00,-2.23770094e+00, 5.80276489e+00,
  3.90370000e+04,-1.23699999e-03,-4.01900010e-03, 1.00257397e+00, 3.17380019e-02, 4.78363007e-01,-8.04291010e-01,
  3.90880000e+04,-1.72499998e-03, 1.84100005e-03, 9.92321014e-01,-9.60083008e-01, 2.49480993e-01, 1.88125598e+00,
  3.91390000e+04,-5.14299981e-03,-1.57700002e-03, 9.84996021e-01,-4.45559993e-02,-3.15093994e-01, 1.71340895e+00,
  3.91890000e+04, 3.15800007e-03,-4.01900010e-03, 1.00794601e+00,-4.71801996e-01, 6.61468029e-01, 3.75808692e+00,
  3.92390000e+04, 1.69299997e-03, 3.30600003e-03, 1.00452805e+00, 1.99585006e-01,-1.44424403e+00, 1.71340895e+00,
  3.92890000e+04,-2.21300009e-03, 5.25900023e-03, 1.00599205e+00,-4.45559993e-02, 5.37643385e+00,-1.36886597e+00,
  3.93400000e+04,-7.58400001e-03, 4.28200001e-03, 1.01478100e+00,-4.71801996e-01,-2.11563110e+00, 4.03274488e+00,
  3.93900000e+04, 5.59900003e-03, 6.23500021e-03, 1.00110996e+00, 1.13037097e+00,-1.07803297e+00, 9.65728998e-01,
  3.94400000e+04, 7.55300000e-03,-1.12000002e-04, 1.00501597e+00, 3.67431998e-01, 1.71432495e+00, 1.33194005e+00,
  3.94910000e+04, 1.69299997e-03, 4.77099977e-03, 1.00110996e+00, 2.38159204e+00, 3.72848511e+00, 3.57498193e+00,
  3.95410000e+04,-4.16600006e-03,-4.01900010e-03, 9.98668015e-01,-4.71801996e-01,-2.23770094e+00,-3.04733300e+00,
  3.95910000e+04,-2.60000001e-04,-4.01900010e-03, 9.96227026e-01,-6.39648020e-01,-5.67092896e+00, 3.10195899e+00,
  3.96420000e+04,-2.60000001e-04,-1.08540002e-02, 1.00110996e+00,-1.36107996e-01,-1.44424403e+00,-1.64352405e+00,
  3.96920000e+04, 7.16999988e-04,-1.57700002e-03, 1.00452805e+00, 1.29821801e+00,-9.91799962e-03,-8.04291010e-01,
  3.97420000e+04,-2.70100008e-03, 2.81700003e-03, 9.93785024e-01, 4.58983988e-01,-9.55963016e-01, 2.07962108e+00,
  3.97930000e+04,-2.60000001e-04,-4.01900010e-03, 1.00110996e+00,-1.89086902e+00, 2.18734694e+00, 5.84258974e-01,
  3.98430000e+04,-1.23699999e-03,-5.48300007e-03, 9.87438023e-01,-7.00684011e-01,-1.36794996e+00, 2.82730103e+00,
  3.98940000e+04,-1.23699999e-03, 4.77099977e-03, 9.96227026e-01, 2.22900391e+00, 1.22604406e+00, 5.71121216e+00,
  3.99440000e+04,-3.19000008e-03,-1.08900003e-03, 1.00208604e+00, 3.67431998e-01, 4.04892015e+00, 4.92706001e-01,
  3.99940000e+04, 7.16999988e-04, 2.81700003e-03, 9.84507978e-01, 1.38549998e-01, 7.53021002e-01,-2.20809889e+00,
  4.00440000e+04,-8.07200000e-03,-1.57700002e-03, 9.91832018e-01,-2.31811500e+00,-3.38211107e+00,-2.48275709e+00,
  4.00940000e+04,-1.72499998e-03,-9.87800024e-03, 9.95738029e-01,-1.05163598e+00, 1.80587804e+00,-6.40426588e+00,
  4.01450000e+04, 3.64600006e-03, 3.79400002e-03, 9.99644995e-01,-1.14318800e+00,-2.23770094e+00,-5.66099994e-02,
  4.01960000e+04, 1.19470004e-02,-1.57700002e-03, 1.00403905e+00,-8.07494998e-01, 2.79998988e-01, 3.09601009e-01,
  4.02460000e+04, 7.16999988e-04, 3.79400002e-03, 9.89879012e-01,-2.63855004e+00, 4.63104010e-01,-1.09420800e+00,
  4.02960000e+04,-7.09600002e-03,-1.57700002e-03, 1.00257397e+00, 1.03881800e+00,-4.82941002e-01,-5.83969116e+00,
  4.03460000e+04, 5.59900003e-03,-4.99500008e-03, 1.00941002e+00, 2.13745093e+00,-4.98198986e-01, 2.44583201e+00,
  4.03960000e+04, 3.64600006e-03, 3.76000011e-04, 1.01087499e+00, 1.46606398e+00,-2.52761793e+00,-2.54974008e-01,
  4.04480000e+04,-2.21300009e-03, 5.74700022e-03, 9.96715009e-01,-2.39440894e+00, 5.65109301e+00,-1.09420800e+00,
  4.04980000e+04, 8.52899998e-03, 8.64000001e-04, 1.00599205e+00, 7.94677973e-01, 4.33883715e+00,-2.02499390e+00,
  4.05480000e+04, 6.57599978e-03, 3.76000011e-04, 1.00062096e+00,-1.20849997e-01, 2.38571191e+00,-5.29632986e-01,
  4.05980000e+04, 2.67000007e-03, 4.77099977e-03, 9.96227026e-01, 1.05407703e+00,-5.53359985e+00, 3.37661791e+00,
  4.06480000e+04,-3.19000008e-03, 1.84100005e-03, 1.01038694e+00, 1.03881800e+00,-4.72488403e+00, 4.12429810e+00,
  4.06980000e+04,-6.11899979e-03, 8.64000001e-04, 1.00452805e+00,-2.83691406e+00, 1.27410993e-01, 7.82622993e-01,
  4.07490000e+04, 7.06399977e-03,-4.50700009e-03, 1.00550401e+00,-2.22656202e+00, 5.36117601e+00, 6.75812006e-01,
  4.08000000e+04,-1.14900004e-02,-1.08900003e-03, 1.00843406e+00,-4.71801996e-01, 1.89742994e+00,-3.46527010e-01,
  4.08500000e+04,-7.09600002e-03, 1.84100005e-03, 1.00892198e+00,-8.83789003e-01,-3.65676904e+00,-3.46527010e-01,
  4.09000000e+04, 3.15800007e-03,-6.00999978e-04, 9.99644995e-01, 3.67431998e-01,-6.81304991e-01, 1.42349195e+00,
  4.09500000e+04,-2.21300009e-03, 8.64000001e-04, 1.00501597e+00, 3.17380019e-02, 2.67562890e+00, 1.05728102e+00,
  4.10000000e+04, 8.04099999e-03, 1.84100005e-03, 1.00843406e+00,-4.56542999e-01,-1.00173903e+00, 6.60552979e-01
