time,ax,ay,az,gx,gy,gz,
 6.41000000e+02, 3.69299995e-03,-3.46800010e-03, 9.96743977e-01,-9.18579996e-02, 3.79776001e+00, 2.63259912e+00,
  6.91000000e+02,-2.16699997e-03,-4.99999987e-05, 9.99185979e-01, 1.84600794e+00,-1.13082898e+00,-4.44747877e+00,
  7.41000000e+02,-7.53800012e-03, 6.78599998e-03, 1.00651002e+00, 1.17462099e+00,-1.71066296e+00,-3.31832910e+00,
  7.91000000e+02, 2.22799997e-03,-2.98000011e-03, 9.96743977e-01,-1.52893007e-01,-4.74700987e-01, 3.27346802e+00,
  8.41000000e+02,-1.33969998e-02,-1.02700002e-03, 9.98697996e-01, 1.00677502e+00, 1.29531896e+00,-9.94064426e+00,
  8.91000000e+02, 1.25099998e-03, 2.39100005e-03, 9.97721016e-01, 1.00677502e+00, 2.92800903e+00, 8.23257542e+00,
  9.42000000e+02,-7.01999990e-04, 6.29799999e-03, 9.94302988e-01, 5.79528987e-01, 2.91275001e+00,-4.44747877e+00,
  9.92000000e+02,-5.58499992e-03,-2.49100011e-03, 1.00797498e+00, 1.17462099e+00, 4.25568014e-01, 4.21951294e+00,
  1.04200000e+03, 1.29699996e-02,-1.02700002e-03, 9.98697996e-01,-1.49566698e+00,-2.59567308e+00, 1.04568505e+00,
  1.09200000e+03,-8.51400010e-03,-3.95599985e-03, 1.00553298e+00, 8.54187012e-01,-4.41146803e+00,-3.24203491e+00,
  1.14300000e+03, 7.62999989e-04, 4.34400002e-03, 9.95768011e-01,-1.08367896e+00,-2.01583910e+00,-3.98971605e+00,
  1.19300000e+03, 7.62999989e-04,-5.38000022e-04, 9.98209000e-01,-1.68152004e-01,-1.86325097e+00, 8.62578988e-01,
  1.24400000e+03,-6.56099990e-03,-5.38000022e-04, 1.01285803e+00, 7.59890005e-02, 3.20266700e+00, 6.46255493e+00,
  1.29400000e+03,-1.18999998e-03, 7.27399997e-03, 9.99674022e-01, 2.59094000e-01,-5.76950121e+00,-1.76193202e+00,
  1.34400000e+03, 3.69299995e-03,-1.02700002e-03, 1.00748706e+00,-1.34307897e+00,-1.69540405e+00,-4.72213697e+00,
  1.39400000e+03,-3.14299995e-03,-7.86300004e-03, 9.99674022e-01, 3.09722900e+00,-4.97604418e+00, 1.33560205e+00,
  1.44400000e+03,-2.14000000e-04, 7.76199996e-03, 1.00113904e+00, 3.35388005e-01, 1.56997705e+00,-3.42864990e-01,
  1.49500000e+03, 7.62999989e-04,-1.51500001e-03, 1.00602198e+00,-3.20740014e-01, 1.95144701e+00, 6.37100220e+00,
  1.54500000e+03, 6.13400014e-03,-6.88599981e-03, 1.00113904e+00,-1.68152004e-01, 4.25552416e+00,-8.15886974e-01,
  1.59600000e+03,-2.14000000e-04, 1.16689997e-02, 1.00065100e+00,-5.80138981e-01,-4.50302076e+00,-4.34417993e-01,
  1.64600000e+03,-2.16699997e-03,-9.81600024e-03, 1.01529896e+00, 9.15221989e-01, 1.08169603e+00, 2.33459994e-02,
  1.69600000e+03, 1.73999998e-03, 4.83299978e-03, 9.98209000e-01,-3.20740014e-01,-4.59441990e-01, 2.33459994e-02,
  1.74600000e+03, 1.54109998e-02,-5.38000022e-04, 1.00992799e+00,-9.18579996e-02, 1.84463501e+00, 7.71027029e-01,
  1.79700000e+03, 7.11099990e-03, 1.41499995e-03, 9.94790971e-01, 9.12479982e-02, 5.93414009e-01,-4.63058519e+00,
  1.84700000e+03,-4.12000017e-03,-5.90900006e-03, 9.89907980e-01,-1.43463099e+00, 3.40103102e+00, 2.17483497e+00,
  1.89700000e+03,-1.04679996e-02,-4.99999987e-05, 1.00992799e+00,-1.66351295e+00, 1.05117798e+00,-2.12814307e+00,
  1.94700000e+03,-7.01999990e-04,-2.00299989e-03, 1.00406897e+00,-1.25152600e+00, 5.20156908e+00, 3.27346802e+00,
  1.99700000e+03, 3.69299995e-03,-5.42100007e-03, 9.95768011e-01, 4.11682010e-01,-5.26596117e+00,-2.51311988e-01,
  2.04900000e+03, 2.22799997e-03, 2.39100005e-03, 1.00504506e+00,-7.63244987e-01,-1.13082898e+00, 4.04816002e-01,
  2.09900000e+03, 3.69299995e-03,-2.00299989e-03, 1.00992799e+00,-1.68152004e-01, 3.81301904e+00, 4.78408813e+00,
  2.14900000e+03,-1.18999998e-03,-6.39799982e-03, 1.01139295e+00, 1.34246802e+00,-1.77169800e+00, 1.42715502e+00,
  2.19900000e+03,-9.97900032e-03, 3.85600002e-03, 9.91373003e-01, 2.10540795e+00,-8.56171012e-01,-2.21969604e+00,
  2.24900000e+03, 6.62200013e-03,-2.00299989e-03, 9.90396976e-01,-6.71692014e-01,-3.43490601e+00, 4.31106615e+00,
  2.29900000e+03, 1.25099998e-03,-7.86300004e-03, 1.00211501e+00,-5.95398009e-01, 2.07351708e+00,-7.89596510e+00,
  2.35000000e+03, 7.62999989e-04, 8.73900019e-03, 9.99185979e-01,-1.17523205e+00, 7.00226009e-01,-4.34417993e-01,
  2.40000000e+03, 5.64600015e-03, 1.26449997e-02, 1.00162697e+00, 5.03234982e-01, 4.74380493e+00, 4.69253492e+00,
  2.45100000e+03,-8.02600011e-03, 1.11800004e-02, 1.00943995e+00, 2.25799608e+00, 2.27202997e-01,-2.20443702e+00,
  2.50100000e+03,-1.67799997e-03,-3.46800010e-03, 9.99674022e-01, 5.03234982e-01, 2.82119703e+00,-3.69979906e+00,
  2.55100000e+03,-1.67799997e-03,-1.02700002e-03, 1.00651002e+00, 3.50647002e-01,-1.72592199e+00, 2.98004001e-01,
  2.60100000e+03,-2.65499996e-03, 3.85600002e-03, 9.89907980e-01, 1.92230201e+00,-2.83981299e+00, 6.26419115e+00,
  2.65200000e+03,-7.01999990e-04,-1.51500001e-03, 9.91373003e-01, 9.15221989e-01,-4.10629320e+00, 2.33459994e-02,
  2.70200000e+03, 3.20399995e-03,-2.98000011e-03, 1.00602198e+00,-3.67767310e+00, 3.09585595e+00,-3.42864990e-01,
  2.75200000e+03,-2.14000000e-04, 2.39100005e-03, 9.95768011e-01, 1.49505603e+00, 6.51382399e+00, 9.54132020e-01,
  2.80200000e+03,-1.67799997e-03,-2.00699996e-02, 9.88932014e-01, 2.76153588e+00, 9.90143001e-01, 3.10562110e+00,
  2.85200000e+03,-2.16699997e-03, 4.34400002e-03, 9.93326008e-01, 7.62633979e-01,-7.64617980e-01, 5.13503981e+00,
  2.90400000e+03, 2.22799997e-03, 1.90300005e-03, 1.00846303e+00, 3.43292189e+00,-3.63327003e+00,-4.90524292e+00,
  2.95400000e+03, 1.25099998e-03,-6.39799982e-03, 1.00504506e+00, 1.58660901e+00,-7.66159105e+00,-1.18209803e+00,
  3.00400000e+03,-2.14000000e-04,-1.51500001e-03, 9.92349982e-01,-1.26678503e+00, 3.09585595e+00,-5.25969982e-01,
  3.05400000e+03,-6.07299991e-03, 1.90300005e-03, 9.98697996e-01, 8.38927984e-01, 2.42461994e-01,-1.36520398e+00,
  3.10400000e+03,-9.97900032e-03,-5.90900006e-03, 9.98209000e-01, 1.02203405e+00,-1.71066296e+00,-5.74447584e+00,
  3.15400000e+03,-1.67799997e-03,-1.17690004e-02, 1.00406897e+00, 7.47375011e-01, 1.55471802e+00,-2.67745996e+00,
  3.20500000e+03, 3.69299995e-03,-7.86300004e-03, 1.00211501e+00, 1.67541996e-01,-2.30560005e-01, 4.49417114e+00,
  3.25500000e+03,-5.09600015e-03, 9.27000016e-04, 1.00211501e+00, 5.94788015e-01, 2.91275001e+00, 4.78408813e+00,
  3.30500000e+03,-3.63199995e-03,-4.99999987e-05, 1.00846303e+00, 2.42584205e+00,-3.11447096e+00, 1.99172997e+00,
  3.35600000e+03, 6.62200013e-03,-4.99999987e-05, 1.00748706e+00, 7.59890005e-02,-6.48666382e+00,-4.15756178e+00,
  3.40600000e+03, 8.08699988e-03, 2.39100005e-03, 9.96743977e-01,-1.58721900e+00, 4.31655884e+00,-3.58123988e-01,
  3.45700000e+03, 2.22799997e-03,-1.51500001e-03, 1.00162697e+00,-1.58721900e+00,-2.09213305e+00,-4.24911499e+00,
  3.50700000e+03,-7.53800012e-03, 1.36219999e-02, 1.01090503e+00,-9.31091011e-01, 2.24136400e+00,-5.25969982e-01,
  3.55700000e+03, 2.71599996e-03, 3.85600002e-03, 1.01969397e+00, 2.59094000e-01,-1.84783995e-01, 1.41189599e+00,
  3.60700000e+03, 1.73999998e-03,-1.02700002e-03, 9.99185979e-01, 5.94788015e-01,-6.57805979e-01,-2.38754296e+00,
  3.65700000e+03,-7.01999990e-04,-5.42100007e-03, 9.86002028e-01, 7.59890005e-02, 1.58523595e+00,-1.27365100e+00,
  3.70700000e+03, 7.59899989e-03, 1.11800004e-02, 9.92838025e-01,-2.42645311e+00, 5.21682692e+00,-4.06600904e+00,
  3.75800000e+03,-7.53800012e-03, 1.41499995e-03, 1.01383400e+00,-1.15997303e+00,-2.00058007e+00,-1.27365100e+00,
  3.80900000e+03, 7.62999989e-04, 9.27000016e-04, 9.91373003e-01, 1.69342005e+00, 4.83535814e+00, 7.57644701e+00,
  3.85900000e+03,-3.63199995e-03,-5.38000022e-04, 1.00943995e+00, 1.93756104e+00, 2.53128004e+00,-3.42864990e-01,
  3.90900000e+03,-3.14299995e-03,-4.99999987e-05, 1.00309205e+00,-9.18579996e-02, 4.74380493e+00, 4.04816002e-01,
  3.95900000e+03, 1.73999998e-03,-4.93300008e-03, 1.00699794e+00,-5.95398009e-01, 7.73452806e+00, 1.61026001e+00,
  4.00900000e+03, 3.69299995e-03, 2.39100005e-03, 1.00797498e+00, 1.82799995e-01, 8.83331001e-01,-1.54830897e+00,
  4.06000000e+03,-7.01999990e-04, 5.80900023e-03, 9.89419997e-01, 3.35388005e-01, 1.75308204e+00, 2.21709996e-01,
  4.11000000e+03, 3.69299995e-03, 1.90300005e-03, 9.95280027e-01,-1.60247803e+00,-6.27140030e-02,-6.17523015e-01,
  4.16000000e+03, 1.25099998e-03, 7.27399997e-03, 1.00260401e+00,-9.18579996e-02, 2.71438599e+00,-6.67526197e+00,
  4.21000000e+03, 7.62999989e-04, 3.85600002e-03, 9.95280027e-01, 5.03234982e-01,-1.97006202e+00, 2.08328199e+00,
  4.26000000e+03, 6.62200013e-03, 3.85600002e-03, 1.01236904e+00, 1.08306897e+00,-6.39511108e+00,-2.11288404e+00,
  4.31200000e+03,-1.67799997e-03, 6.78599998e-03, 1.00309205e+00, 2.43835002e-01, 7.30742991e-01, 3.67019701e+00,
  4.36200000e+03,-4.12000017e-03,-4.93300008e-03, 1.00748706e+00,-5.03844976e-01,-3.23654199e+00,-9.98992980e-01,
  4.41200000e+03, 3.69299995e-03,-4.99999987e-05, 1.00846303e+00, 5.79528987e-01, 6.23932004e-01, 3.13262999e-01,
  4.46200000e+03, 6.13400014e-03,-4.93300008e-03, 1.00211501e+00, 1.58660901e+00,-1.48178101e+00, 4.78408813e+00,
  4.51200000e+03,-2.16699997e-03, 2.88000004e-03, 9.94302988e-01,-7.63244987e-01,-1.87850904e+00,-1.83822596e+00,
  4.56200000e+03, 3.69299995e-03, 4.34400002e-03, 1.00309205e+00, 1.34246802e+00,-1.40548694e+00,-1.54830897e+00,
  4.61300000e+03,-9.00300033e-03,-4.99999987e-05, 1.00797498e+00, 4.11682010e-01, 3.88931298e+00, 4.60098314e+00,
  4.66300000e+03,-7.01999990e-04, 1.41499995e-03, 1.00651002e+00, 2.43835002e-01, 1.46316504e+00, 2.83096290e+00,
  4.71300000e+03,-5.58499992e-03, 9.27000016e-04, 9.99674022e-01,-1.09893799e+00, 2.62283301e+00,-4.81369019e+00,
  4.76300000e+03, 3.69299995e-03,-5.38000022e-04, 1.00553298e+00,-1.52893007e-01, 2.31765699e+00, 1.41189599e+00,
  4.81400000e+03, 3.20399995e-03, 2.39100005e-03, 1.00602198e+00, 7.62633979e-01,-4.80819702e+00, 3.09036303e+00,
  4.86500000e+03,-1.14439996e-02, 1.90300005e-03, 1.00260401e+00, 4.11682010e-01, 2.14981103e+00, 4.12796021e+00,
  4.91500000e+03,-7.01999990e-04,-1.51500001e-03, 1.00406897e+00,-3.04999994e-04, 7.00226009e-01,-4.99679613e+00,
  4.96500000e+03, 4.66899993e-03,-5.42100007e-03, 1.00113904e+00, 7.47375011e-01, 2.04299903e+00, 2.72415209e+00,
  5.01500000e+03, 1.25099998e-03,-4.93300008e-03, 1.02408803e+00,-1.09893799e+00, 4.63699293e+00, 2.44949293e+00,
  5.06500000e+03, 7.62999989e-04,-2.49100011e-03, 1.00406897e+00,-2.83843994e+00,-1.43600500e+00, 8.08699988e-03,
  5.11500000e+03,-1.18999998e-03, 3.36800003e-03, 9.81607974e-01,-4.12292987e-01, 5.62897027e-01, 7.55768001e-01,
  5.16600000e+03,-3.63199995e-03,-8.35100003e-03, 9.92349982e-01,-2.59705007e-01,-1.11556995e+00,-3.40988207e+00,
  5.21600000e+03,-2.16699997e-03,-5.90900006e-03, 1.01236904e+00,-3.35999012e-01,-6.42562914e+00, 4.21951294e+00,
  5.26700000e+03,-5.09600015e-03,-1.02700002e-03, 9.94302988e-01,-1.75506604e+00, 4.14871216e+00, 1.50344801e+00,
  5.31700000e+03, 1.73999998e-03,-8.83900002e-03, 1.00406897e+00,-1.00738502e+00,-3.90792799e+00,-4.24911499e+00,
  5.36700000e+03,-7.01999990e-04,-8.83900002e-03, 9.86491024e-01,-1.32781994e+00,-1.22238195e+00, 7.71027029e-01,
  5.41700000e+03,-6.07299991e-03,-1.51500001e-03, 1.01383400e+00,-2.44171095e+00,-9.00436401e+00, 4.31106615e+00,
  5.46800000e+03,-6.56099990e-03,-3.95599985e-03, 1.00406897e+00, 4.11682010e-01, 1.55471802e+00, 5.87921023e-01,
  5.51800000e+03,-7.05000013e-03, 1.90300005e-03, 9.93326008e-01,-3.18939209e+00,-4.28939819e+00,-1.63986194e+00,
  5.56800000e+03, 8.57499987e-03, 2.88000004e-03, 1.00699794e+00, 1.93756104e+00,-3.83163404e+00,-3.04367089e+00,
  5.61800000e+03,-4.12000017e-03,-1.02700002e-03, 1.01041603e+00,-1.17523205e+00, 8.98590028e-01,-1.83822596e+00,
  5.66900000e+03,-7.05000013e-03,-4.99999987e-05, 1.00406897e+00, 2.59094000e-01,-1.71066296e+00, 4.96719408e+00,
  5.72000000e+03,-2.65499996e-03, 2.39100005e-03, 1.00260401e+00, 1.82799995e-01, 4.31655884e+00, 1.77810705e+00,
  5.77000000e+03,-3.14299995e-03,-2.00299989e-03, 1.00260401e+00,-4.27551001e-01, 5.23208618e+00,-3.69979906e+00,
  5.82000000e+03,-5.58499992e-03, 4.34400002e-03, 9.90885019e-01,-1.26678503e+00, 3.09585595e+00,-1.45675695e+00,
  5.87000000e+03, 1.73999998e-03,-2.49100011e-03, 1.00357997e+00, 4.11682010e-01, 2.11944997e-01, 2.26638794e+00,
  5.92000000e+03,-1.67799997e-03,-5.38000022e-04, 9.95768011e-01,-1.68152004e-01, 2.91275001e+00, 2.33459994e-02,
  5.97000000e+03,-2.16699997e-03,-6.88599981e-03, 9.99674022e-01, 1.67541996e-01,-4.59457397e+00,-2.02133203e+00,
  6.02100000e+03,-1.67799997e-03, 2.39100005e-03, 1.00553298e+00, 2.10540795e+00,-3.63327003e+00,-1.74667394e+00,
  6.07100000e+03,-1.09559996e-02,-2.00299989e-03, 9.99185979e-01, 2.01385498e+00,-2.18368506e+00,-6.82070032e-02,
  6.12200000e+03, 1.73999998e-03,-1.51869999e-02, 9.95768011e-01,-9.31091011e-01,-2.87033105e+00,-8.15886974e-01,
  6.17200000e+03, 1.73999998e-03,-4.93300008e-03, 9.93326008e-01, 1.67541996e-01,-1.42074597e+00,-7.09075987e-01,
  6.22200000e+03, 6.62200013e-03,-6.39799982e-03, 1.00504506e+00, 1.67541996e-01, 2.72964501e+00, 1.42715502e+00,
  6.27300000e+03,-3.63199995e-03, 2.39100005e-03, 1.01236904e+00, 7.47375011e-01,-4.28925008e-01,-5.65292406e+00,
  6.32300000e+03,-3.14299995e-03,-5.90900006e-03, 9.99674022e-01,-1.08367896e+00, 8.83331001e-01,-9.07440007e-01,
  6.37300000e+03,-7.53800012e-03,-7.37399980e-03, 9.96743977e-01, 8.54187012e-01,-3.64852905e+00, 3.45657301e+00,
  6.42300000e+03,-8.51400010e-03,-1.02700002e-03, 9.86979008e-01,-3.35999012e-01, 3.01956201e+00, 1.30156994e-01,
  6.47300000e+03,-1.67799997e-03, 9.27000016e-04, 1.00065100e+00, 5.03234982e-01,-1.86325097e+00,-2.58590698e+00,
  6.52300000e+03,-5.09600015e-03,-3.95599985e-03, 1.00992799e+00, 3.50647002e-01,-1.51229894e+00,-9.98992980e-01,
  6.57500000e+03,-1.18999998e-03,-5.38000022e-04, 1.01383400e+00, 1.08306897e+00, 1.38687098e+00, 6.26419115e+00,
  6.62500000e+03,-6.56099990e-03, 5.80900023e-03, 1.00651002e+00, 2.02911401e+00,-9.03488159e+00, 4.95193481e+00,
  6.67500000e+03, 8.08699988e-03,-5.38000022e-04, 9.97232974e-01, 6.71082020e-01,-4.21310377e+00, 3.76174903e+00,
  6.72500000e+03, 2.22799997e-03, 2.88000004e-03, 1.00065100e+00, 3.35388005e-01,-2.73300195e+00,-5.56137085e+00,
  6.77500000e+03,-2.14000000e-04,-1.02700002e-03, 1.00846303e+00, 6.71082020e-01,-4.88449097e+00, 1.33560205e+00,
  6.82500000e+03, 6.62200013e-03,-3.95599985e-03, 9.95768011e-01,-3.20740014e-01, 2.68386793e+00, 2.43423510e+00,
  6.87600000e+03, 4.18099994e-03,-2.49100011e-03, 1.00553298e+00, 3.09722900e+00, 1.66153002e+00,-1.18209803e+00,
  6.92600000e+03, 2.22799997e-03, 1.90300005e-03, 1.01432204e+00, 1.00677502e+00,-3.80111694e+00,-3.79135108e+00,
  6.97700000e+03, 4.66899993e-03,-2.98000011e-03, 1.00357997e+00,-5.80138981e-01, 3.49258399e+00, 1.70181298e+00,
  7.02700000e+03, 3.20399995e-03,-4.99999987e-05, 1.00162697e+00, 9.15221989e-01, 1.69204700e+00, 4.40261793e+00,
  7.07700000e+03,-3.63199995e-03,-5.38000022e-04, 9.89419997e-01,-2.51800489e+00,-4.39621019e+00,-7.09075987e-01,
  7.12800000e+03,-2.65499996e-03,-6.88599981e-03, 9.94790971e-01, 1.25091505e+00,-7.79720023e-02,-2.86056495e+00,
  7.17800000e+03,-1.18999998e-03,-4.99999987e-05, 9.93326008e-01,-3.04999994e-04,-5.26596117e+00, 8.62578988e-01,
  7.22800000e+03, 8.57499987e-03,-3.95599985e-03, 1.00846303e+00,-3.20740014e-01, 1.52419996e+00, 4.81110007e-01,
  7.27800000e+03,-2.16699997e-03, 3.36800003e-03, 9.96743977e-01, 5.79528987e-01,-1.54266000e-01,-3.97445703e+00,
  7.32800000e+03, 5.64600015e-03,-5.90900006e-03, 9.89419997e-01, 1.17462099e+00,-4.74550016e-02, 8.62578988e-01,
  7.37800000e+03,-7.01999990e-04,-1.07920002e-02, 9.87954974e-01, 1.67541996e-01,-4.27413893e+00, 4.40261793e+00,
  7.42900000e+03,-9.00300033e-03, 3.85600002e-03, 9.95768011e-01,-7.63244987e-01,-1.20712304e+00, 1.90017700e+00,
  7.48000000e+03, 1.73999998e-03,-7.37399980e-03, 9.92838025e-01, 1.34246802e+00,-2.76351905e+00,-5.46981812e+00,
  7.53000000e+03, 7.62999989e-04,-3.95599985e-03, 1.00065100e+00, 1.00677502e+00,-4.68612719e+00,-6.21749878e+00,
  7.58000000e+03, 3.20399995e-03,-1.02700002e-03, 9.96743977e-01,-6.10656977e-01,-1.23749003e-01,-2.58590698e+00,
  7.63000000e+03,-2.14000000e-04,-2.98000011e-03, 9.92349982e-01,-7.65990019e-02, 1.46316504e+00, 2.26638794e+00,
  7.68100000e+03, 3.69299995e-03,-5.38000022e-04, 1.00553298e+00, 1.67541996e-01, 4.66751099e+00, 1.33560205e+00,
  7.73100000e+03,-1.18999998e-03,-8.35100003e-03, 9.90885019e-01, 4.11682010e-01, 3.90457201e+00, 8.62578988e-01,
  7.78100000e+03, 2.71599996e-03, 4.34400002e-03, 1.00065100e+00,-3.04999994e-04, 1.47842395e+00,-4.24911499e+00,
  7.83100000e+03, 6.13400014e-03, 1.90300005e-03, 1.00846303e+00, 5.94788015e-01,-2.59567308e+00, 3.45657301e+00,
  7.88100000e+03,-3.14299995e-03,-3.46800010e-03, 1.00357997e+00, 5.79528987e-01,-1.10031104e+00,-7.09075987e-01,
  7.93200000e+03,-8.51400010e-03,-4.93300008e-03, 9.97721016e-01, 2.27325392e+00,-4.10629320e+00,-2.47909498e+00,
  7.98300000e+03,-4.12000017e-03, 3.36800003e-03, 1.01188099e+00,-6.71692014e-01, 1.46316504e+00, 8.62578988e-01,
  8.03300000e+03, 4.18099994e-03,-1.02700002e-03, 9.93815005e-01,-6.71692014e-01, 1.95144701e+00,-5.46981812e+00,
  8.08300000e+03,-4.12000017e-03, 8.73900019e-03, 9.82584000e-01, 1.08306897e+00,-4.21310377e+00,-5.56137085e+00,
  8.13300000e+03,-1.67799997e-03, 4.34400002e-03, 1.00797498e+00,-5.03844976e-01, 1.08169603e+00,-2.95211792e+00,
  8.18300000e+03,-3.14299995e-03,-1.02700002e-03, 9.99185979e-01, 3.50647002e-01,-3.05343604e+00, 4.31106615e+00,
  8.23300000e+03, 2.71599996e-03,-5.38000022e-04, 1.00211501e+00, 1.00677502e+00, 3.67568994e+00, 2.21709996e-01,
  8.28400000e+03, 8.08699988e-03, 2.39100005e-03, 1.00357997e+00,-1.67877197e+00, 5.79666090e+00,-7.60604906e+00,
  8.33400000e+03,-5.58499992e-03,-6.39799982e-03, 1.00065100e+00, 1.02203405e+00,-4.12155104e+00,-6.32430983e+00,
  8.38500000e+03, 2.22799997e-03,-1.51500001e-03, 9.92349982e-01,-1.32781994e+00,-1.89376795e+00, 3.10562110e+00,
  8.43500000e+03,-7.53800012e-03, 1.06920004e-02, 9.83560979e-01,-1.00738502e+00, 1.55471802e+00,-3.97445703e+00,
  8.48500000e+03,-1.38849998e-02,-4.93300008e-03, 1.01139295e+00,-1.09893799e+00, 5.91873217e+00, 3.85330200e+00,
  8.53600000e+03, 1.25099998e-03, 9.27000016e-04, 1.00553298e+00, 2.59094000e-01, 3.29421997e+00, 5.24185181e+00,
  8.58600000e+03,-7.01999990e-04, 1.41499995e-03, 1.00651002e+00,-2.85369897e+00, 1.25563049e+01, 3.01406908e+00,
  8.63600000e+03,-8.51400010e-03, 9.27000016e-04, 9.95280027e-01, 2.59094000e-01, 9.74883974e-01, 3.65493798e+00,
  8.68600000e+03,-2.65499996e-03,-1.02700002e-03, 1.00504506e+00,-2.01446509e+00, 6.08657789e+00, 2.92251611e+00,
  8.73600000e+03,-6.56099990e-03, 6.29799999e-03, 9.93815005e-01,-9.15831983e-01, 1.73782301e+00,-1.01425195e+00,
  8.78700000e+03, 6.62200013e-03, 8.73900019e-03, 9.99674022e-01,-9.31091011e-01,-4.59457397e+00, 5.15029907e+00,
  8.83800000e+03, 2.71599996e-03, 1.31339999e-02, 1.00992799e+00, 2.18170190e+00,-1.60385096e+00, 6.92031908e+00,
  8.88800000e+03, 3.20399995e-03, 2.39100005e-03, 1.01481104e+00,-9.92127001e-01,-6.88323975e-01, 5.88272095e+00,
  8.93800000e+03,-1.67799997e-03, 1.41499995e-03, 9.98697996e-01, 3.09722900e+00,-7.49359012e-01,-7.09075987e-01,
  8.98800000e+03, 6.13400014e-03,-2.49100011e-03, 9.96743977e-01,-9.31091011e-01, 3.96560693e+00, 4.31106615e+00,
  9.03800000e+03, 1.73999998e-03, 7.27399997e-03, 1.00162697e+00, 4.11682010e-01,-6.13571215e+00,-5.08834791e+00,
  9.08900000e+03,-6.07299991e-03, 2.88000004e-03, 9.89419997e-01,-1.49566698e+00, 3.87405396e+00, 1.30156994e-01,
  9.13900000e+03,-2.16699997e-03, 9.71600041e-03, 9.98697996e-01, 2.44110107e+00,-1.61910999e+00, 4.69253492e+00,
  9.19000000e+03,-7.01999990e-04,-3.46800010e-03, 1.01139295e+00, 1.51031494e+00,-1.87850904e+00, 7.71027029e-01,
  9.24000000e+03,-1.18999998e-03, 6.78599998e-03, 9.98209000e-01,-3.26568604e+00,-5.66254020e-01, 1.97647095e+00,
  9.29000000e+03,-8.22449997e-02,-7.29053974e-01, 7.63834000e-01, 6.19656372e+01, 1.29072580e+01,-1.26105797e+02,
  9.34000000e+03, 4.61699992e-01, 4.07177001e-01, 1.00357997e+00,-5.86093140e+01,-2.19132996e+01, 2.50519241e+02,
  9.39100000e+03,-1.58417001e-01, 1.25385594e+00, 1.46549404e+00,-1.28403015e+02, 1.09922638e+02,-1.03293915e+02,
  9.44200000e+03, 7.05870017e-02, 2.33836994e-01, 1.09977198e+00, 2.13009644e+01,-7.04972839e+01,-1.68494720e+02,
  9.49200000e+03, 4.44121987e-01, 4.02781993e-01, 9.92838025e-01,-6.24850464e+01,-3.16178913e+01, 2.50519241e+02,
  9.54300000e+03,-6.95526004e-01,-7.66651988e-01, 6.77896976e-01,-1.73691101e+02, 2.45649719e+01, 2.50519241e+02,
  9.59300000e+03,-5.33905029e-01,-4.43897992e-01, 9.28385019e-01, 7.81219482e+00,-2.55601501e+01, 5.84492493e+01,
  9.64400000e+03,-4.22576994e-01,-4.50733989e-01, 6.77407980e-01, 4.99722290e+01,-2.78794861e+01, 7.81941223e+01,
  9.69400000e+03,-7.24822998e-01,-1.57765001e-01, 9.44010019e-01, 1.00677502e+00,-1.54588318e+01, 6.17909241e+01,
  9.74500000e+03,-6.98943973e-01,-1.97804004e-01, 8.47329974e-01,-1.85397339e+01,-4.59441990e-01,-3.91001892e+01,
  9.79500000e+03,-5.30487001e-01,-1.02006996e+00, 8.33169997e-01, 2.75112915e+01, 1.73323059e+01,-4.34417993e-01,
  9.84500000e+03,-5.22674978e-01,-7.10011005e-01, 6.99380994e-01, 2.23843384e+01,-1.78697205e+01, 1.05202179e+02,
  9.89500000e+03,-8.74724984e-01,-2.05579996e-02, 8.40493977e-01,-1.99588013e+01,-3.29759216e+01, 9.63520813e+01,
  9.94700000e+03,-9.13788021e-01, 2.04539999e-01, 9.02993977e-01,-5.29510498e+00, 2.43972802e+00,-3.96647644e+01,
  9.99700000e+03,-6.89177990e-01,-4.22901988e-01, 9.28385019e-01, 5.30850220e+01, 6.11709595e+00,-1.37290497e+02,
  1.00470000e+04,-1.65252998e-01,-1.17339003e+00, 7.46255994e-01,-2.40634155e+01,-1.89393768e+02,-1.77070160e+02,
  1.00980000e+04, 3.14727992e-01,-7.33937025e-01, 8.06802988e-01, 5.32528687e+01,-1.00694427e+02,-5.01780701e+01,
  1.01480000e+04,-6.20330989e-01,-7.52450004e-02, 9.63540971e-01, 3.73989868e+01, 3.03633118e+01, 6.97102356e+01,
  1.01990000e+04,-1.02120996e+00, 1.24462001e-01, 7.94107974e-01,-3.69293189e+00,-4.79293823e+00, 2.61158752e+01,
  1.02500000e+04,-5.77362001e-01,-1.12355001e-01, 8.50260019e-01,-1.66171265e+01,-2.98783875e+01,-6.91905212e+01,
  1.03000000e+04,-6.36899993e-02,-1.26909304e+00, 1.01969397e+00, 2.74960327e+01, 3.16145306e+01, 1.27754677e+02,
  1.03500000e+04,-5.48065007e-01,-6.26026988e-01, 8.99088025e-01, 9.58554077e+01, 1.47842395e+00, 1.88209991e+02,
  1.04010000e+04,-1.07589698e+00, 2.83641011e-01, 9.11294997e-01, 3.98403931e+01, 3.32167053e+01, 1.38191681e+02,
  1.04510000e+04,-1.17843604e+00, 5.28759003e-01, 8.02407980e-01,-1.55184937e+01, 1.02066004e+00,-7.73844910e+01,
  1.05020000e+04,-4.00115997e-01,-1.08452296e+00, 1.21500599e+00,-6.88201904e+00, 2.34968567e+01,-5.02848816e+01,
  1.05520000e+04,-7.80487001e-01,-1.32280397e+00, 1.08512294e+00,-1.34307897e+00, 1.25257883e+01, 7.59510803e+01,
  1.06030000e+04,-1.01681495e+00,-1.08937003e-01, 9.65493977e-01, 2.86709595e+01,-2.74674988e+01, 6.96186829e+01,
  1.06530000e+04,-1.20187402e+00, 4.46727008e-01, 7.71646976e-01, 5.79803514e+00,-2.94206238e+01,-3.09977722e+01
 1.07550000e+04,-6.96013987e-01,-1.33891702e+00, 1.10514295e+00, 3.53973389e+00,-9.32465017e-01, 6.23554993e+01,
  1.08050000e+04,-9.79218006e-01,-1.98292002e-01, 1.05778003e+00, 4.02523804e+01,-2.22795105e+01, 7.03663635e+01,
  1.08550000e+04,-1.14913905e+00, 3.25634003e-01, 8.64907980e-01, 8.37677002e+00,-1.07591248e+01,-2.31700134e+01,
  1.09060000e+04,-7.86835015e-01,-5.93312025e-01, 1.14957595e+00,-7.29400587e+00, 3.59939599e+00,-7.10520935e+01,
  1.09560000e+04,-7.56072998e-01,-1.05424905e+00, 1.13053298e+00,-1.27413940e+01, 8.97049046e+00,-2.67745996e+00,
  1.10060000e+04,-8.67888987e-01,-4.26319987e-01, 1.07438099e+00, 1.52584839e+01,-1.29716501e+01, 3.83229065e+01,
  1.10570000e+04,-9.26482975e-01,-2.26124004e-01, 1.08609998e+00, 8.54461670e+00,-3.05343604e+00,-2.38754296e+00,
  1.11080000e+04,-9.18671012e-01,-4.06300008e-01, 1.04947901e+00,-7.87384081e+00, 7.04788208e+00,-1.33891296e+01,
  1.11580000e+04,-8.82538021e-01,-5.63526988e-01, 1.08609998e+00,-1.62814331e+01, 1.09846497e+01,-1.52507019e+01,
  1.12080000e+04,-8.43474984e-01,-5.42531013e-01, 1.02994704e+00,-3.76922607e+00, 1.08169603e+00,-2.38754296e+00,
  1.12580000e+04,-8.67888987e-01,-4.59033996e-01, 1.02311206e+00, 2.92938209e+00,-7.49359012e-01, 1.15249598e+00,
  1.13100000e+04,-8.89862001e-01,-4.53175008e-01, 1.05533803e+00,-2.44445994e-01,-5.66254020e-01,-5.75973511e+00,
  1.13600000e+04,-8.64471018e-01,-4.74171013e-01, 1.05973303e+00,-3.04999994e-04,-5.06759596e+00, 5.15029907e+00,
  1.14100000e+04,-8.74724984e-01,-4.62940991e-01, 1.04801404e+00,-3.28094506e+00, 5.99502611e+00, 1.90017700e+00,
  1.14600000e+04,-8.83513987e-01,-4.77589011e-01, 1.03727198e+00,-1.68152004e-01,-3.52631003e-01,-2.76901197e+00,
  1.15100000e+04,-8.66424978e-01,-4.97119993e-01, 1.04606104e+00,-1.77032495e+00,-3.63327003e+00, 5.71487379e+00,
  1.15610000e+04,-8.53729010e-01,-5.72803974e-01, 1.08609998e+00,-2.60955811e+00, 4.66751099e+00, 1.10249329e+01,
  1.16120000e+04,-8.98651004e-01,-4.03369993e-01, 1.01969397e+00, 1.08334360e+01,-6.73065007e-01,-3.58123988e-01,
  1.16620000e+04,-9.91913021e-01,-2.45167002e-01, 9.20572996e-01,-9.55230808e+00,-1.22087097e+01,-5.48507690e+00,
  1.17120000e+04,-7.63396978e-01,-6.37745023e-01, 1.09830701e+00, 4.94354200e+00,-6.57805979e-01,-2.26969891e+01,
  1.17620000e+04,-6.89666986e-01,-9.60987985e-01, 1.22428298e+00, 5.35552979e+00, 1.25257883e+01, 4.98738098e+01,
  1.18130000e+04,-1.02511597e+00,-2.65675008e-01, 1.02897096e+00, 1.88748169e+01,-8.40911984e-01, 5.48023987e+01,
  1.18640000e+04,-1.16427600e+00, 2.10399002e-01, 8.50260019e-01,-6.27166700e+00,-7.96676588e+00,-4.44747877e+00,
  1.19140000e+04,-7.90252984e-01,-5.41065991e-01, 1.11979103e+00,-1.65103149e+01,-7.69210815e+00,-6.18510437e+01,
  1.19650000e+04,-6.98943973e-01,-1.40483499e+00, 1.14957595e+00,-4.86785889e+00, 6.17813110e+00, 3.02204895e+01,
  1.20150000e+04,-9.69452024e-01,-4.20947999e-01, 1.08365798e+00, 3.45455933e+01,-1.19950867e+01, 7.00001526e+01,
  1.20650000e+04,-1.13400304e+00, 1.39597997e-01, 9.18618977e-01, 9.64325047e+00,-1.02708445e+01, 3.16090393e+01,
  1.21150000e+04,-9.96307015e-01, 5.95199987e-02, 9.30338025e-01,-2.04623413e+01,-1.22850037e+01,-7.81321716e+01,
  1.21670000e+04,-6.05682015e-01,-1.24419105e+00, 1.25162697e+00, 1.86126697e+00, 1.03132629e+01,-1.38468943e+01,
  1.22170000e+04,-8.43963981e-01,-7.83253014e-01, 1.16324794e+00, 1.26644897e+01, 4.25552416e+00, 8.21919250e+01,
  1.22670000e+04,-1.10958898e+00, 3.51059996e-02, 9.69401002e-01, 1.97140503e+01,-9.30953979e+00, 4.02760315e+01,
  1.23180000e+04,-1.16085804e+00, 2.94871986e-01, 8.72721016e-01,-6.69891405e+00,-5.67794800e+00,-5.29093933e+01,
  1.23680000e+04,-7.75604010e-01,-8.64308000e-01, 1.22232997e+00,-1.38400269e+01, 3.98086596e+00,-5.70750427e+01,
  1.24190000e+04,-7.65838981e-01,-1.21440601e+00, 1.25602198e+00,-1.68152004e-01, 9.35196018e+00, 5.08961487e+01,
  1.24690000e+04,-1.03585804e+00,-2.49072999e-01, 1.00943995e+00, 3.41336060e+01,-1.00419617e+01, 5.83424377e+01,
  1.25200000e+04,-1.21749902e+00, 2.41161004e-01, 8.54165971e-01, 2.66567993e+01,-7.18856812e+00, 1.90017700e+00,
  1.25700000e+04,-7.85857975e-01,-2.66162992e-01, 1.17887294e+00,-6.43951416e+00, 1.84463501e+00,-4.61802673e+01,
  1.26200000e+04,-6.27655029e-01,-1.19829202e+00, 1.38346303e+00,-3.02584839e+01, 3.17671185e+01, 2.35794091e+00,
  1.26700000e+04,-9.41619992e-01,-5.93312025e-01, 1.15787697e+00,-6.88201904e+00, 2.60908508e+01, 7.33418274e+01,
  1.27220000e+04,-1.20968604e+00, 9.71179977e-02, 9.20572996e-01,-1.41937304e+00, 2.36799622e+01, 2.31251526e+01,
  1.27720000e+04,-1.14913905e+00, 1.50829002e-01, 8.18521976e-01,-9.79644775e+00,-3.25180101e+00,-7.21659851e+01,
  1.28220000e+04,-6.08124018e-01,-1.17973804e+00, 1.40787697e+00, 9.47540283e+00, 2.23677063e+01,-4.57987976e+01,
  1.28730000e+04,-8.42499018e-01,-1.05473804e+00, 1.16471303e+00,-1.61135864e+01, 1.93006897e+01, 9.90681458e+01,
  1.29230000e+04,-1.13009596e+00, 2.14339998e-02, 9.40104008e-01, 2.02023315e+01, 1.03132629e+01, 6.18824768e+01,
  1.29740000e+04,-1.33859301e+00, 5.33152997e-01, 6.60807014e-01, 3.20404100e+00,-5.64742994e+00,-4.90641785e+01,
  1.30240000e+04,-7.66815007e-01,-7.61281013e-01, 1.32731104e+00, 1.84600794e+00, 1.83088684e+01,-8.62345886e+01,
  1.30750000e+04,-6.37908995e-01,-1.89409304e+00, 1.62223303e+00, 1.86917114e+01, 4.89942932e+01, 2.99305725e+01,
  1.31250000e+04,-1.08615100e+00,-3.68701994e-01, 1.24869704e+00,-2.59860229e+01, 1.73170471e+01, 1.36223297e+02,
  1.31750000e+04,-1.35031104e+00, 5.75145006e-01, 7.11099982e-01,-2.51800489e+00, 1.68592834e+01, 4.29768372e+01,
  1.32270000e+04,-1.23898304e+00, 7.72410989e-01, 6.99380994e-01,-9.81170654e+00,-3.58445740e+01,-1.54334564e+02,
  1.32770000e+04,-5.83221018e-01,-1.02006996e+00, 1.25357997e+00,-1.47708130e+01, 1.84919739e+01,-1.51923676e+02,
  1.33270000e+04,-1.01632702e+00,-1.66215897e+00, 9.99674022e-01,-9.25906372e+01, 6.84951782e+00,-5.98674011e+01,
  1.33780000e+04,-9.71405029e-01,-2.71046013e-01, 9.75260019e-01,-4.45254517e+01, 6.15675354e+01,-2.73814392e+01,
  1.34280000e+04,-8.41033995e-01, 3.74462008e-01, 8.31704974e-01,-1.94400024e+01, 1.67417755e+02,-2.49473114e+02,
  1.34790000e+04,-1.45480299e+00, 8.74462008e-01, 7.51138985e-01,-2.22488708e+02,-1.87944183e+02,-2.39951630e+02,
  1.35300000e+04,-2.02072096e+00, 1.25438005e-01, 7.08657980e-01, 1.06841736e+02, 2.11927795e+01,-5.55949402e+01,
  1.35800000e+04, 1.19930003e-02,-5.71339011e-01, 1.08512294e+00, 3.38131714e+01,-3.35861206e+00,-2.49473114e+02,
  1.36310000e+04, 1.39469998e-02, 1.64012000e-01, 1.05289698e+00,-3.65756226e+01, 8.48220921e+00, 1.44997101e+02,
  1.36810000e+04,-4.69940007e-01,-4.25343007e-01, 9.20084000e-01,-5.51760864e+01, 2.24287415e+01, 1.65291290e+02,
  1.37310000e+04,-2.06267998e-01,-2.53468007e-01, 8.10221016e-01, 9.06341553e+00,-7.73332214e+01, 4.65016174e+01,
  1.37830000e+04,-2.85369992e-01,-2.17335001e-01, 8.66373003e-01,-5.52398682e+00,-2.29966736e+01, 4.41670227e+01,
  1.38330000e+04,-1.67206004e-01,-6.93859980e-02, 7.62857974e-01, 1.54415903e+01,-2.00058007e+00,-6.22935486e+01,
  1.38830000e+04,-6.56099990e-03,-2.47609004e-01, 6.81802988e-01, 2.51739502e+00, 2.69758606e+01, 1.53126526e+01,
  1.39340000e+04,-2.15545997e-01,-1.93408996e-01, 7.51138985e-01, 1.60061646e+01,-1.01640320e+01,-8.00852966e+01,
  1.39840000e+04,-1.92596003e-01,-2.22706005e-01, 1.03482997e+00, 2.82742290e+01, 1.31056223e+01,-1.34589691e+02,
  1.40340000e+04,-3.24399993e-02,-2.08545998e-01, 1.00748706e+00, 2.28268433e+01,-1.37345886e+01,-3.49040222e+01,
  1.40860000e+04, 2.71300003e-02,-1.71399992e-02, 9.86491024e-01, 1.28475962e+01, 5.79666090e+00,-2.49400311e+01,
  1.41360000e+04, 4.26544011e-01, 1.32465696e+00, 2.27408791e+00, 5.38327026e+01,-8.21397400e+01,-2.31757660e+02,
  1.41860000e+04,-2.83419800e+00,-1.90434694e+00, 3.02408010e-01,-2.46887512e+02, 1.05177155e+02, 2.50519241e+02,
  1.42370000e+04,-9.29870009e-02,-1.53325295e+00, 4.65005994e-01,-2.85952759e+01,-2.48628387e+02, 2.50519241e+02,
  1.42870000e+04, 2.54669011e-01,-7.24659026e-01, 6.30044997e-01,-2.99380493e+01, 2.01780548e+02, 2.30141144e+02,
  1.43380000e+04,-1.86249003e-01,-6.58253014e-01, 3.02408010e-01, 2.45208435e+02,-9.98092747e+00, 2.50519241e+02,
  1.43890000e+04,-6.35468006e-01, 9.04735029e-01, 1.02457595e+00, 1.41051941e+02, 5.49604797e+01, 2.37785797e+02,
  1.44390000e+04,-1.42257702e+00, 2.11371899e+00, 8.54655027e-01,-1.00387878e+02, 8.29910278e+00,-1.40174408e+02,
  1.44900000e+04,-6.36932015e-01,-3.16069508e+00, 1.45914698e+00, 1.05740356e+01, 1.05451813e+02,-1.15134735e+02,
  1.45400000e+04,-5.72479010e-01,-4.18510914e+00, 1.60953701e+00, 2.29797058e+02,-2.48628387e+02, 2.50519241e+02,
  1.45920000e+04,-1.90792799e+00, 2.23383689e+00,-5.04231989e-01, 1.15493469e+02,-2.10496674e+02, 1.08726959e+02,
  1.46420000e+04,-2.05978394e+00, 3.56098509e+00, 3.69302988e-01,-2.07718201e+02,-2.48628387e+02,-2.49473114e+02,
  1.46930000e+04,-1.28976405e+00,-7.50737381e+00, 1.68961501e+00, 1.54571228e+02,-1.57075653e+02,-1.86076355e+01,
  1.47430000e+04,-1.94064295e+00, 1.60541904e+00,-1.16048999e-01, 1.95647888e+02, 6.35206642e+01, 1.86546783e+02,
  1.47930000e+04,-2.12667799e+00, 4.64838696e+00, 1.75944000e-01,-2.50763245e+02,-8.89604187e+01,-2.49473114e+02,
  1.48440000e+04,-4.00314283e+00,-7.50737381e+00, 2.04020095e+00, 1.92794495e+02,-6.10520935e+01, 2.29420471e+01,
  1.48950000e+04,-1.49923694e+00, 4.30854416e+00,-3.18684995e-01,-3.32797241e+01, 7.40950012e+01, 1.31950836e+02,
  1.49460000e+04, 3.25958014e-01, 2.68012595e+00, 5.22623003e-01,-8.94015503e+01,-7.57768250e+01,-2.49473114e+02,
  1.49960000e+04,-1.43185401e+00,-3.23344803e+00, 1.53238904e+00, 2.49229126e+02,-2.40281830e+02,-2.49473114e+02,
  1.50470000e+04,-1.42208898e+00, 3.37352008e-01, 1.33854103e+00,-1.45096130e+02, 9.15052795e+01, 9.80422974e+00,
  1.50970000e+04,-1.44210804e+00, 5.85439987e-02, 8.70768011e-01,-6.55825806e+01,-4.38249207e+01,-1.84806366e+02,
  1.51480000e+04,-1.26437402e+00,-1.56792104e+00, 6.47623003e-01,-3.54006958e+01,-2.09213305e+00, 2.34150696e+01,
  1.51990000e+04,-1.17355299e+00,-9.88331020e-01, 7.91177988e-01,-2.13778687e+01, 1.78205872e+01, 1.24404895e+00,
  1.52490000e+04,-1.07638502e+00,-8.98487985e-01, 9.01530027e-01, 9.06674194e+01,-2.25083923e+01, 4.84547424e+01,
  1.52990000e+04,-1.19259596e+00,-1.62648007e-01, 1.07535803e+00, 1.61129761e+01,-1.61607361e+01, 5.84339905e+01,
  1.53500000e+04,-1.20675695e+00,-3.52060013e-02, 1.03092396e+00, 3.15396118e+01,-3.43490601e+00, 9.34646702e+00,
  1.54000000e+04,-1.22189295e+00,-4.00890000e-02, 1.02701795e+00, 1.57620239e+01, 1.69204700e+00,-2.29869061e+01,
  1.54510000e+04,-1.18576002e+00,-1.57765001e-01, 1.05826795e+00,-1.34127808e+01, 4.14871216e+00,-5.76548767e+01,
  1.55010000e+04,-1.08908105e+00, 2.46531993e-01, 9.64030027e-01,-8.93099976e+01,-7.09701490e+00,-1.18659515e+02,
  1.55520000e+04,-1.32784998e+00,-2.42338991e+00, 1.15885401e+00,-2.80764771e+01,-3.91404724e+01, 6.45680237e+01,
  1.56020000e+04,-7.58026004e-01,-1.32085097e+00, 1.25357997e+00, 1.38534241e+02,-2.43089294e+01, 8.83412170e+01,
  1.56520000e+04,-1.25705004e+00, 9.15476978e-01, 8.11197996e-01,-8.30081177e+01, 2.55110168e+01, 1.84120636e+02,
  1.57040000e+04,-1.47921801e+00, 1.61469603e+00, 5.39224982e-01,-1.33835144e+02,-2.66282654e+01,-1.99714203e+02,
  1.57540000e+04,-9.18182015e-01,-2.80864406e+00, 1.14176404e+00, 9.99600220e+01, 2.88389996e-02,-4.17094421e+01,
  1.58050000e+04,-1.01193202e+00,-4.90283996e-01, 1.32828701e+00, 2.95254517e+01, 2.53279114e+01, 6.09516907e+01,
  1.58550000e+04,-1.27658105e+00, 8.25634003e-01, 8.92741024e-01,-9.80227661e+01, 4.35774231e+01, 1.08635406e+02,
  1.59050000e+04,-9.41132009e-01, 9.29637015e-01, 6.26138985e-01,-1.24209604e+01,-8.05832005e+00,-1.96723480e+02,
  1.59560000e+04,-8.53729010e-01,-1.92290199e+00, 1.12662697e+00, 5.01400757e+01,-6.71554613e+00,-1.21833344e+02,
  1.60070000e+04,-1.36984301e+00,-1.08696401e+00, 1.03287697e+00, 4.33651733e+01,-1.06874237e+02, 3.00984192e+01,
  1.60570000e+04,-8.64960015e-01, 3.32468987e-01, 1.05875599e+00, 3.92453003e+01, 3.96560693e+00,-1.26414490e+01,
  1.61080000e+04,-1.09591699e+00, 9.41879973e-02, 7.97526002e-01,-3.00296021e+01, 4.98487854e+01,-4.33879089e+01,
  1.61580000e+04,-8.42010021e-01,-9.13589969e-02, 8.63932014e-01,-1.55032349e+01, 2.89747601e+01,-1.63093109e+02,
  1.62080000e+04,-1.07980299e+00,-1.10503101e+00, 1.04459596e+00,-1.20422668e+02, 1.78968811e+01, 8.36720276e+01,
  1.62600000e+04,-4.79705989e-01,-6.94386005e-01, 8.96157980e-01, 2.21554565e+01,-2.08451843e+01, 4.55860901e+01,
  1.63100000e+04,-8.65935981e-01,-2.38820001e-01, 9.33755994e-01, 4.19586182e+00,-3.48985291e+01,-2.01792908e+01,
  1.63600000e+04,-9.23065007e-01,-2.02686995e-01, 1.11490798e+00,-2.91903687e+01,-4.83720398e+01,-2.24223328e+01,
  1.64110000e+04,-1.40255702e+00,-1.62114406e+00, 8.15104008e-01,-2.09658813e+01,-9.98092747e+00, 1.41167145e+02,
  1.64610000e+04,-1.05148304e+00,-5.72315991e-01, 7.88736999e-01, 1.32595835e+01, 3.08059692e+00, 2.06450999e-01,
  1.65120000e+04,-8.22479010e-01,-4.03369993e-01, 9.24966991e-01,-1.87686157e+01,-8.83651829e+00, 2.02259827e+01,
  1.65620000e+04,-7.98552990e-01,-2.89600998e-01, 9.17643011e-01, 1.01620493e+01, 3.09585595e+00,-2.02861023e+01,
  1.66130000e+04,-8.14666986e-01,-5.85011005e-01, 8.71255994e-01,-1.53353891e+01, 1.45246887e+01,-5.41229010e-01,
  1.66630000e+04,-8.39080989e-01,-4.70753014e-01, 8.76627028e-01,-4.68475294e+00, 3.47732496e+00, 7.92739916e+00,
  1.67130000e+04,-8.24921012e-01,-3.77490997e-01, 9.07388985e-01,-7.04986620e+00, 5.03372192e+00,-8.62838840e+00,
  1.67630000e+04,-8.41521978e-01,-4.99561995e-01, 8.58072996e-01,-1.61135864e+01, 9.93179417e+00,-7.05673218e+00,
  1.68150000e+04,-7.96112001e-01,-5.00050008e-01, 8.32193971e-01,-9.88800144e+00, 1.23274240e+01,-1.20921326e+01,
  1.68650000e+04,-8.13202024e-01,-5.17139971e-01, 8.19010019e-01,-2.22171021e+01, 5.79666090e+00, 1.07502747e+01,
  1.69150000e+04,-7.95135021e-01,-3.82862985e-01, 8.06315005e-01,-2.51467896e+01,-1.11405954e+01, 6.82876587e+00,
  1.69660000e+04,-8.17596018e-01,-5.26417017e-01, 8.06802988e-01,-1.80361938e+01, 5.30838013e+00,-1.80430603e+01,
  1.70160000e+04,-1.10812402e+00,-2.93470006e-02, 9.70866024e-01, 9.30481017e-01, 3.07905579e+01,-1.68601532e+02,
  1.70670000e+04, 1.24734497e+00, 8.22704017e-01, 2.71158010e-01, 2.49229126e+02,-2.48628387e+02, 2.50519241e+02,
  1.71180000e+04,-1.24191296e+00, 1.03412998e+00, 1.08121705e+00, 7.70538282e+00,-4.08647156e+01, 6.25386009e+01,
  1.71680000e+04,-9.46013987e-01, 2.33836994e-01, 9.60123003e-01, 2.35745239e+01,-2.70402527e+01,-8.07566833e+01,
  1.72180000e+04,-2.67302990e-01,-7.48584986e-01, 8.15104008e-01, 3.28033400e+00,-2.18368506e+00,-3.13522291e+00,
  1.72680000e+04,-3.58612001e-01,-3.59912992e-01, 8.66373003e-01, 8.81927490e+00,-3.74008203e+00,-3.51939392e+01,
  1.73190000e+04,-4.35272008e-01,-3.96046013e-01, 8.44401002e-01,-3.93707204e+00, 4.34707594e+00, 7.66799879e+00,
  1.73700000e+04,-4.20136005e-01,-3.87744993e-01, 8.75162005e-01, 6.78985596e+00, 3.00430298e+00,-3.34086609e+01,
  1.74200000e+04,-3.69354010e-01,-3.68214011e-01, 8.75651002e-01, 3.35662794e+00,-3.63327003e+00,-1.45030222e+01,
  1.74700000e+04,-3.97186011e-01,-3.74072999e-01, 8.85905027e-01, 1.58660901e+00,-5.50994992e-01,-5.46981812e+00,
  1.75200000e+04,-3.76677990e-01,-3.62843007e-01, 8.72721016e-01, 4.53155518e+00, 1.82937598e+00,-1.30229187e+01,
  1.75710000e+04, 3.03496987e-01,-1.08110499e+00, 1.23844397e+00, 3.90774536e+01,-1.76713562e+01,-7.73844910e+01,
  1.76220000e+04,-7.46307015e-01, 9.14501011e-01, 1.09293604e+00,-4.11685181e+01, 6.37800636e+01, 2.60090637e+01,
  1.76720000e+04,-6.45232975e-01,-5.29834986e-01, 8.19986999e-01,-2.60775757e+01,-1.46348581e+01, 8.01319885e+01,
  1.77230000e+04,-4.51873988e-01,-3.91162992e-01, 8.18521976e-01,-2.45669556e+01, 2.53128004e+00, 6.84132385e+01,
  1.77730000e+04,-4.62128013e-01,-4.60011005e-01, 7.85807014e-01,-2.98464966e+01,-2.43394470e+01, 7.25941467e+01,
  1.78230000e+04,-6.11541986e-01,-6.61183000e-01, 8.09732974e-01,-5.78616333e+01,-3.89878845e+01, 2.17461090e+02,
  1.78740000e+04,-6.34979010e-01,-4.25830990e-01, 7.31607974e-01, 3.13565063e+01,-1.04692078e+01,-2.52146912e+01,
  1.79250000e+04,-7.39471018e-01,-2.77882010e-01, 8.47329974e-01, 2.20639038e+01, 1.12745667e+01,-4.12364197e+01,
  1.79750000e+04,-1.14865100e+00, 4.90184009e-01, 8.87368977e-01,-9.72015381e+00, 4.06935120e+01,-2.49473114e+02,
  1.80260000e+04,-3.09749991e-02, 1.74409103e+00, 4.50845987e-01, 6.36593628e+01, 8.69581604e+01,-2.49473114e+02,
  1.80760000e+04,-1.43624902e+00, 7.23582983e-01, 1.01822901e+00, 6.21002197e+00, 3.58869934e+01,-2.19645691e+01,
  1.81260000e+04,-2.09685996e-01,-3.87744993e-01, 8.38540971e-01, 1.11538696e+01, 5.01861989e-01,-2.76901197e+00,
  1.81780000e+04,-2.91718006e-01,-3.19873989e-01, 8.78579974e-01,-9.72015381e+00,-8.53134155e+00, 3.10597229e+01,
  1.82280000e+04,-3.57147008e-01,-3.52100998e-01, 8.82486999e-01, 8.88031101e+00,-1.89376795e+00,-3.54685974e+01,
  1.82780000e+04,-2.92694002e-01,-3.13526988e-01, 9.02505994e-01, 7.96478224e+00,-3.92318702e+00,-1.41368113e+01,
  1.83280000e+04,-3.13201994e-01,-3.29640001e-01, 9.15201008e-01,-2.51800489e+00, 3.58413696e+00, 4.69253492e+00,
  1.83790000e+04,-3.04901004e-01,-3.20850998e-01, 9.01040971e-01, 4.04327393e+00, 3.49258399e+00,-1.86991882e+01,
  1.84290000e+04,-2.83904999e-01,-3.14015001e-01, 8.96157980e-01, 2.53265405e+00,-5.11337280e+00,-2.21969604e+00,
  1.84800000e+04,-3.42498988e-01,-3.46240997e-01, 8.35611999e-01, 1.55178843e+01, 3.85879493e+00,-8.27743626e+00,
  1.85300000e+04,-2.25310996e-01,-2.69580990e-01, 1.34830701e+00, 4.44638062e+01,-2.54838562e+01,-1.94694061e+02,
  1.85810000e+04,-7.54090026e-02,-1.55811995e-01, 9.30338025e-01,-1.89364624e+01, 4.59121704e+00, 7.11903381e+01,
  1.86310000e+04,-1.34978995e-01,-1.66554004e-01, 9.97721016e-01,-2.22933941e+01, 7.91763306e+00, 1.68373566e+02,
  1.86810000e+04, 2.04375997e-01, 1.97216004e-01, 9.80630994e-01,-2.91903687e+01, 4.24482727e+01, 2.01496887e+01,
  1.87330000e+04,-1.35956004e-01,-7.25148022e-01, 8.32193971e-01, 3.11248803e+00, 8.93997192e+00,-7.06095886e+01,
  1.87830000e+04,-1.01775996e-01,-2.66651988e-01, 8.78091991e-01,-2.99227905e+01, 3.45594788e+01, 1.40327911e+02,
  1.88330000e+04,-2.76580989e-01,-2.46631995e-01, 1.01090503e+00,-3.93222046e+01,-1.47874460e+01, 1.30455475e+02,
  1.88840000e+04,-6.92596018e-01,-1.33305800e+00, 5.64615011e-01,-1.17248840e+02,-1.38597260e+02, 2.50519241e+02,
  1.89340000e+04,-7.38494992e-01,-8.39893997e-01, 6.61782980e-01, 1.05849915e+02,-2.19132996e+01,-4.18009949e+01,
  1.89840000e+04,-8.53729010e-01, 6.83090016e-02, 8.92252028e-01, 9.73480320e+00, 7.76520014e-01, 1.44581614e+01,
  1.90360000e+04,-7.44354010e-01,-1.97316006e-01, 9.11782980e-01,-4.11685181e+01, 1.21138010e+01,-7.01365662e+01,
  1.90860000e+04,-7.49724984e-01,-1.39702296e+00, 7.06216991e-01,-1.55947876e+01,-2.19894409e+00, 1.24199371e+02,
  1.91360000e+04,-6.46697998e-01,-4.08253014e-01, 6.64713025e-01, 7.22195435e+01,-3.01988220e+01, 3.40199280e+01,
  1.91870000e+04,-9.37224984e-01, 1.16161004e-01, 1.03629506e+00, 3.36300659e+01,-9.79173279e+01, 2.33459994e-02,
  1.92370000e+04,-7.98065007e-01, 1.14696003e-01, 8.86880994e-01,-5.87493896e+00, 2.42446899e+00,-7.64537048e+01,
  1.92880000e+04,-7.19452024e-01,-1.46001101e+00, 8.16079974e-01, 1.36868286e+01,-4.30465698e+00, 1.59535217e+01,
  1.93390000e+04,-7.70721018e-01,-8.92628014e-01, 8.51236999e-01, 7.22805786e+01,-5.28886414e+01, 9.28120422e+01,
  1.93890000e+04,-9.38202024e-01, 1.75731003e-01, 1.02897096e+00, 7.38064575e+01, 3.17366009e+01, 2.63752747e+01,
  1.94390000e+04,-1.22921801e+00, 7.51902997e-01, 8.09732974e-01,-6.12033081e+01, 1.49977121e+01,-6.49180603e+01,
  1.94890000e+04,-5.20721018e-01,-1.53178799e+00, 1.02067006e+00,-3.13723755e+01, 3.65736389e+01,-2.93193054e+01,
  1.95400000e+04,-7.57538021e-01,-1.13237405e+00, 8.74674022e-01, 8.61203003e+01,-9.07914734e+01, 4.24122620e+01,
  1.95910000e+04,-1.09542799e+00, 2.41161004e-01, 1.03141201e+00,-2.01446509e+00,-3.26860046e+01, 8.45265198e+01,
  1.96410000e+04,-1.18087804e+00, 7.27976978e-01, 8.25846016e-01,-1.49234009e+01, 6.65115404e+00,-1.00410004e+02,
  1.96920000e+04,-6.13007009e-01,-1.86821401e+00, 1.05436206e+00, 3.05172729e+01,-2.18368506e+00, 5.51838684e+01,
  1.97420000e+04,-6.43768013e-01,-9.71729994e-01, 1.30631495e+00, 4.37008667e+01,-3.05802917e+01, 2.41112213e+02,
  1.97920000e+04,-1.29367101e+00, 3.47117990e-01, 6.42252028e-01, 1.12212830e+02,-5.42314148e+01, 1.24962311e+02,
  1.98440000e+04,-1.44064295e+00, 1.60346603e+00, 6.38834000e-01, 1.50143442e+01,-1.91209412e+01,-8.75468445e+01,
  1.98940000e+04,-9.45038021e-01, 1.10297704e+00, 8.11197996e-01, 2.44137573e+01, 4.54847717e+01,-2.49473114e+02,
  1.99450000e+04,-2.50701994e-01,-1.79448402e+00, 1.38834596e+00,-8.28402710e+01,-1.35423431e+02,-2.28217621e+02,
  1.99950000e+04, 7.90314019e-01,-2.04838991e+00, 1.75943995e+00,-3.17691040e+01,-1.46684418e+02,-2.23273773e+02,
  2.00460000e+04,-9.86541986e-01,-8.06159973e-02, 6.43229008e-01,-2.57418823e+01, 1.14881744e+02, 1.66328888e+02,
  2.00970000e+04,-1.15597498e+00, 2.64598012e-01, 7.96060979e-01,-4.00698853e+01, 1.66837921e+02,-6.97550964e+01,
  2.01470000e+04,-1.32638502e+00, 4.38427001e-01, 7.47232974e-01,-2.50763245e+02,-6.66520691e+01, 6.92524719e+01,
  2.01980000e+04,-1.72726405e+00,-9.24854994e-01, 3.70768011e-01,-2.49789429e+01, 8.10073853e+00, 2.40944366e+02,
  2.02480000e+04,-6.53533995e-01,-7.77881980e-01, 7.21841991e-01, 3.78387403e+00,-5.91600037e+01,-3.90238953e+01,
  2.02980000e+04,-1.16574097e+00, 3.77880007e-01, 8.42447996e-01, 1.16164856e+02,-2.54838562e+01,-2.30277557e+02,
  2.03490000e+04,-1.54367101e+00, 5.14598012e-01, 1.03776002e+00, 4.85684204e+01,-7.26335144e+01, 1.08360748e+02,
  2.04000000e+04,-2.27752998e-01,-2.38872194e+00, 4.72330004e-01, 5.03079224e+01,-6.63621521e+01,-6.20188904e+01,
  2.04510000e+04,-1.42013502e+00, 9.48679984e-01, 7.61880994e-01, 1.07418833e+01,-9.40873718e+01,-2.31124902e+00,
  2.05010000e+04,-1.42208898e+00, 8.47606003e-01, 9.69888985e-01, 2.45053101e+01,-9.06083679e+01,-8.14128113e+01,
  2.05510000e+04, 9.77325022e-01,-2.01323390e+00, 6.26138985e-01, 2.04769897e+01,-2.55906677e+01, 5.38563538e+01,
  2.06010000e+04,-9.43085015e-01, 3.59813005e-01, 8.56607974e-01, 4.06033325e+01,-3.41355896e+01,-4.24571228e+01,
  2.06530000e+04, 2.64434993e-01,-1.32378101e+00, 7.30630994e-01, 3.20404100e+00,-2.85813904e+01,-6.32781982e-01,
  2.07030000e+04, 2.08771005e-01,-1.12260902e+00, 8.25846016e-01, 6.78985596e+00,-7.95150805e+00,-1.02153025e+01,
  2.07530000e+04,-4.41619992e-01,-3.93115997e-01, 8.38540971e-01,-1.58389292e+01,-1.17356882e+01, 6.60633850e+01,
  2.08040000e+04,-5.52947998e-01,-4.51222003e-01, 8.04361999e-01,-8.39538991e-01, 2.04299903e+00,-7.14828491e+00
 2.09040000e+04,-4.78240997e-01,-4.20947999e-01, 8.20963025e-01,-2.83843994e+00,-5.78475904e+00, 1.91120911e+01,
  2.09550000e+04,-4.97283995e-01,-4.21436995e-01, 8.18521976e-01, 1.34246802e+00, 5.01861989e-01,-1.13291941e+01,
  2.10060000e+04,-4.77753013e-01,-4.10694987e-01, 8.15591991e-01, 4.45526123e+00,-1.93954504e+00,-9.86435032e+00,
  2.10560000e+04,-4.80681986e-01,-4.20459986e-01, 8.08755994e-01, 4.04327393e+00,-2.12264991e+00, 6.64215028e-01,
  2.11060000e+04,-4.86052990e-01,-4.07276988e-01, 8.21451008e-01, 6.86339974e-01, 1.95144701e+00,-8.44528198e+00,
  2.11560000e+04,-4.66522008e-01,-4.15089011e-01, 8.13151002e-01, 1.02203405e+00, 3.00430298e+00,-5.56137085e+00,
  2.12070000e+04,-1.38396993e-01,-7.12940991e-01, 8.02896976e-01,-2.95870972e+01,-2.27983093e+01, 1.53542023e+02,
  2.12580000e+04,-9.42107975e-01,-1.74174905e+00, 8.65396976e-01,-9.86941528e+01, 2.73115520e+01, 2.50519241e+02,
  2.13080000e+04,-7.31171012e-01,-1.24614406e+00, 9.09829974e-01, 1.65969543e+02,-1.63438416e+01,-9.20822239e+00,
  2.13580000e+04,-7.36052990e-01,-5.96729994e-01, 8.94204974e-01, 1.52648621e+02,-1.66307220e+02, 1.43410187e+02,
  2.14090000e+04,-1.07296801e+00, 4.87780012e-02, 8.18032980e-01, 1.70837097e+02,-1.81825409e+02, 2.50519241e+02,
  2.14590000e+04,-1.15743995e+00,-6.54800013e-02, 1.19596303e+00,-9.21661377e+00,-1.89515839e+02, 2.50519241e+02,
  2.15110000e+04,-1.35372901e+00,-3.28175008e-01, 1.44742799e+00, 2.82589722e+01,-2.68113708e+01,-6.54673767e+01,
  2.15610000e+04,-1.04904199e+00,-3.12061995e-01, 1.25211501e+00, 1.14898376e+02, 1.43659821e+02,-2.49473114e+02,
  2.16120000e+04,-7.29218006e-01,-1.15773000e-01, 1.23502600e+00, 8.52200317e+01, 4.98487854e+01,-2.49473114e+02,
  2.16620000e+04, 3.15250009e-02,-1.90479994e-01, 1.68180299e+00, 1.07418833e+01,-4.16276550e+01,-8.06498718e+01,
  2.17120000e+04,-3.12225014e-01,-2.01710001e-01, 1.57926404e+00,-4.34268188e+01,-4.57780457e+01, 2.50519241e+02,
  2.17640000e+04,-1.20089698e+00,-2.18311995e-01, 1.28141201e+00, 4.79733276e+01, 2.03688049e+01, 2.50519241e+02,
  2.18140000e+04,-1.46066296e+00,-1.28468007e-01, 1.52067006e+00, 5.12664795e+00,-2.58041406e+00, 1.25328529e+02,
  2.18640000e+04,-1.37033105e+00,-2.26124004e-01, 1.50016201e+00, 4.68136597e+01,-5.99229431e+01,-2.49473114e+02,
  2.19150000e+04,-1.68283105e+00, 2.51415014e-01, 1.42252600e+00,-2.93429565e+01,-9.69560242e+01,-2.49473114e+02,
  2.19650000e+04,-3.64960015e-01, 1.41099999e-02, 1.49772096e+00, 1.95462036e+01,-1.75798035e+01,-1.38785858e+02,
  2.20170000e+04,-3.39080989e-01, 2.14339998e-02, 1.50211501e+00,-1.26498423e+01,-8.34823704e+00, 6.46900940e+01,
  2.20670000e+04,-4.71893013e-01,-7.23159984e-02, 1.47672498e+00,-1.14792175e+02,-2.81999207e+01, 7.35249329e+01,
  2.21170000e+04,-3.25897008e-01,-3.37940991e-01, 1.39859998e+00,-9.89535522e+01,-5.46434021e+01, 1.57738190e+02,
  2.21680000e+04,-7.12127984e-01,-5.62550008e-01, 1.13395095e+00,-5.18191528e+01, 3.55970764e+01, 2.50519241e+02,
  2.22180000e+04,-1.06661999e+00,-1.28468007e-01, 1.24479103e+00,-5.50082397e+01, 1.34962311e+02, 2.50519241e+02,
  2.22680000e+04,-1.61544800e+00,-6.60695016e-01, 1.15738904e+00, 9.73480320e+00,-1.35667419e+01,-1.31339569e+02,
  2.23200000e+04,-9.72382009e-01,-1.98780999e-01, 1.14957595e+00, 6.27438354e+01,-7.80351257e+01,-2.49473114e+02,
  2.23700000e+04,-5.73455989e-01,-1.67530999e-01, 1.30924404e+00,-3.43783569e+01,-3.95219421e+01,-7.16166687e+01,
  2.24210000e+04,-6.66229010e-01,-4.21925008e-01, 1.21305299e+00,-3.84552002e+00, 2.79067993e+00, 5.38563538e+01,
  2.24710000e+04,-6.63788021e-01,-3.12061995e-01, 1.31607997e+00,-2.57418823e+01, 1.65693665e+01,-4.90524292e+00,
  2.25210000e+04,-6.88690007e-01,-4.45850998e-01, 1.19986904e+00,-2.73287964e+01, 7.68875122e+00, 8.96499729e+00,
  2.25720000e+04,-6.89177990e-01,-4.69776988e-01, 1.16031897e+00,-1.36569223e+01, 3.04701233e+01,-3.80931091e+01,
  2.26230000e+04,-7.02849984e-01,-3.40382010e-01, 1.17057204e+00,-1.81887817e+01, 1.08625803e+01, 5.66639709e+01,
  2.26730000e+04,-6.58416986e-01,-3.69190991e-01, 1.20768201e+00,-5.29940796e+01, 1.29835510e+01, 2.26521301e+01,
  2.27230000e+04,-7.05780029e-01,-4.77589011e-01, 1.14225197e+00,-4.87216187e+01,-8.28720093e+00,-1.47013865e+01,
  2.27740000e+04,-7.23846018e-01,-4.34619993e-01, 1.07242799e+00,-5.79379272e+01,-1.10337830e+01,-1.86076355e+01,
  2.28240000e+04,-7.31658995e-01,-4.41944987e-01, 1.00651002e+00,-5.47488403e+01, 6.54448986e-01, 1.53889465e+01,
  2.28750000e+04,-6.79413021e-01,-4.21925008e-01, 9.82096016e-01,-9.21481323e+01, 2.03840637e+01,-3.00822449e+01,
  2.29260000e+04,-7.09197998e-01,-4.56104994e-01, 7.88736999e-01,-6.99313354e+01, 1.04292145e+02,-4.60124207e+01,
  2.29760000e+04,-6.12518013e-01,-1.24126101e+00, 1.09391201e+00,-1.22436829e+02, 1.34109497e+00, 1.26152504e+02,
  2.30260000e+04,-6.92596018e-01,-5.36670983e-01, 7.14518011e-01,-4.79586792e+01, 5.29312086e+00,-2.34599304e+01,
  2.30770000e+04,-6.96013987e-01,-6.36281013e-01, 7.09146976e-01,-1.62661743e+01, 4.31655884e+00, 5.79116821e+00,
  2.31280000e+04,-6.83807015e-01,-4.04834986e-01, 7.12076008e-01,-1.22378540e+01, 9.41299534e+00, 1.27796936e+01,
  2.31780000e+04,-6.48651004e-01,-4.79541987e-01, 7.82877028e-01,-8.60626316e+00, 8.42117405e+00, 1.15589914e+01,
  2.32280000e+04,-6.40838981e-01,-5.23487985e-01, 7.49674022e-01, 2.28268433e+01,-7.79877007e-01,-2.99906921e+01,
  2.32790000e+04,-6.61835015e-01,-4.37061995e-01, 7.52604008e-01,-6.60736084e+00, 4.89639282e+00, 2.09736633e+01,
  2.33290000e+04,-6.99432015e-01,-4.99561995e-01, 7.44790971e-01,-8.95721531e+00,-3.84689307e+00, 5.13503981e+00,
  2.33790000e+04,-6.79901004e-01,-4.60987985e-01, 7.56021976e-01,-2.50274706e+00,-8.71429026e-01, 1.39851379e+01,
  2.34300000e+04,-6.51093006e-01,-4.20947999e-01, 7.63834000e-01,-8.11798096e+00,-2.01583910e+00, 3.27076721e+01,
  2.34810000e+04,-7.00408995e-01,-4.65869993e-01, 7.40885019e-01,-4.70001221e+00,-4.10629320e+00, 5.44021606e+00,
  2.35310000e+04,-7.38494992e-01,-4.93214011e-01, 7.38443971e-01,-9.29290771e+00,-3.29757690e+00, 9.60586643e+00,
  2.35810000e+04,-6.61835015e-01,-3.26709986e-01, 7.74576008e-01,-3.97341919e+01, 4.22346497e+01, 5.79116821e+00,
  2.36310000e+04,-8.14666986e-01,-4.99561995e-01, 6.32974982e-01,-1.60983276e+01, 2.77542090e+00, 1.07155304e+02,
  2.36830000e+04,-8.42499018e-01,-4.76123989e-01, 6.92057014e-01, 1.43402100e+00, 3.35525489e+00,-6.03439283e+00,
  2.37330000e+04,-8.08318973e-01,-4.78565991e-01, 7.10123003e-01,-1.35806284e+01,-1.74117994e+00,-4.46273804e+00,
  2.37830000e+04,-8.98651004e-01,-4.80031013e-01, 6.43229008e-01,-1.25152600e+00,-2.65519714e+01, 4.81110007e-01,
  2.38330000e+04,-7.67791986e-01,-4.84912992e-01, 6.26138985e-01,-7.65990019e-02,-2.26152039e+01,-3.89816308e+00,
  2.38840000e+04,-7.72674978e-01,-4.95656013e-01, 7.21841991e-01,-4.60845900e+00,-2.91595012e-01, 4.81110007e-01,
  2.39340000e+04,-8.27362001e-01,-4.85401988e-01, 6.84732974e-01, 4.69940186e+00,-7.49359012e-01,-1.63645935e+01,
  2.39850000e+04,-7.93671012e-01,-4.71729994e-01, 6.87174022e-01, 9.73480320e+00,-1.88768005e+01,-5.41229010e-01,
  2.40350000e+04,-8.45427990e-01,-4.76123989e-01, 6.93032980e-01, 1.86126697e+00, 3.24844408e+00,-7.25509596e+00,
  2.40850000e+04,-8.43963981e-01,-4.78076994e-01, 6.85709000e-01,-2.16705298e+00, 3.75198388e+00, 1.88491797e+00,
  2.41360000e+04,-8.55193973e-01,-4.71240997e-01, 6.76432014e-01,-4.88586009e-01, 4.89639282e+00,-2.31124902e+00,
  2.41860000e+04,-8.49822998e-01,-4.79541987e-01, 6.70571983e-01,-1.99920702e+00,-1.51229894e+00,-9.07440007e-01,
  2.42370000e+04,-8.44940007e-01,-4.78076994e-01, 6.80338025e-01,-2.74688697e+00, 2.56179810e+00,-8.31146002e-01,
  2.42870000e+04,-8.46405029e-01,-4.66847003e-01, 6.73990011e-01, 5.18494010e-01,-2.91595012e-01,-6.32781982e-01,
  2.43370000e+04,-8.46405029e-01,-4.71240997e-01, 6.59829974e-01,-7.47986019e-01,-3.98407012e-01,-1.56356800e+00,
  2.43870000e+04,-8.44452024e-01,-4.73683000e-01, 6.88638985e-01, 3.53973389e+00,-1.72592199e+00,-1.56356800e+00,
  2.44380000e+04,-8.46893013e-01,-4.64406013e-01, 6.76432014e-01,-7.65990019e-02, 3.37051392e+00,-1.56356800e+00,
  2.44880000e+04,-8.41521978e-01,-4.70265001e-01, 6.75943971e-01,-5.80138981e-01,-2.21420288e+00, 3.89557004e-01,
  2.45390000e+04,-8.44940007e-01,-4.69287992e-01, 6.60318971e-01,-1.37633994e-01, 4.19448900e+00,-3.80661011e+00,
  2.45890000e+04,-8.50310981e-01,-4.74171013e-01, 6.66177988e-01, 4.71466112e+00,-3.22113007e-01,-3.89816308e+00,
  2.46390000e+04,-8.48846018e-01,-4.66847003e-01, 6.89127028e-01, 3.87542701e+00, 7.38357496e+00,-8.31146002e-01,
  2.46900000e+04,-8.44452024e-01,-4.72705990e-01, 6.81802988e-01,-4.12292987e-01,-7.79877007e-01, 6.15737915e+00,
  2.47400000e+04,-8.40057015e-01,-4.74658996e-01, 6.76919997e-01, 3.96697998e+00, 2.36343408e+00, 5.51651001e+00,
  2.47910000e+04,-8.36151004e-01,-4.78076994e-01, 6.93521976e-01, 5.72174120e+00,-4.94552612e+00, 1.77810705e+00,
  2.48410000e+04,-8.37127984e-01,-4.67822999e-01, 7.05729008e-01, 8.72772312e+00,-3.66378808e+00, 2.99881005e+00,
  2.48910000e+04,-8.80585015e-01,-4.74171013e-01, 6.94498003e-01, 1.65249634e+01,-3.95370507e+00,-1.75017998e-01,
  2.49420000e+04,-8.39080989e-01,-4.70753014e-01, 7.15005994e-01, 1.79592896e+01,-9.34005833e+00, 1.14899002e-01,
  2.49920000e+04,-8.52263987e-01,-4.83936995e-01, 7.41861999e-01, 7.32391405e+00,-5.14388990e+00,-5.01205397e+00,
  2.50420000e+04,-8.30291986e-01,-5.36183000e-01, 5.85123003e-01, 5.09945679e+01, 9.38856506e+01,-6.03439283e+00,
  2.50930000e+04,-8.59099984e-01,-4.81007010e-01, 7.53091991e-01, 1.52890024e+01,-7.63107300e+00, 9.38872993e-01,
  2.51440000e+04,-8.46405029e-01,-4.85890001e-01, 7.75065005e-01, 6.72882080e+00,-2.44308496e+00,-2.40280104e+00,
  2.51940000e+04,-8.43474984e-01,-4.82472003e-01, 7.66763985e-01, 4.45526123e+00, 6.34597778e+00,-3.58123988e-01,
  2.52440000e+04,-8.21502984e-01,-4.80031013e-01, 7.62368977e-01, 7.65960693e+00, 2.27188110e+00,-3.42513990e+00,
  2.52940000e+04,-8.36638987e-01,-4.84912992e-01, 7.83365011e-01, 1.95281994e+00,-3.20602393e+00, 9.38872993e-01,
  2.53450000e+04,-8.42499018e-01,-4.86378014e-01, 7.70669997e-01,-2.09075904e+00, 1.81411695e+00,-2.31124902e+00,
  2.53950000e+04,-8.48357975e-01,-4.80031013e-01, 7.66763985e-01, 1.93756104e+00, 1.81411695e+00, 5.51651001e+00,
  2.54460000e+04,-8.43474984e-01,-4.87843007e-01, 7.74576008e-01, 1.93756104e+00, 8.52814019e-01, 1.50344801e+00,
  2.54960000e+04,-8.50799978e-01,-4.89308000e-01, 7.80435979e-01, 8.69445980e-01,-6.37985182e+00, 2.90725708e+00,
  2.55460000e+04,-8.49335015e-01,-4.85401988e-01, 7.75065005e-01,-1.98394799e+00,-1.39022803e+00,-5.41229010e-01,
  2.55960000e+04,-8.36638987e-01,-4.79054004e-01, 7.76530027e-01,-5.80138981e-01, 6.69708014e-01, 2.99881005e+00,
  2.56470000e+04,-8.54705989e-01,-4.79054004e-01, 7.71646976e-01, 1.95281994e+00,-1.78695703e+00,-8.34660009e-02,
  2.56970000e+04,-8.41033995e-01,-4.83936995e-01, 7.71157980e-01, 2.28851295e+00, 1.78359997e+00, 1.88491797e+00,
  2.57480000e+04,-8.50799978e-01,-4.77589011e-01, 7.75065005e-01, 1.06505997e-01, 4.39285278e+00, 9.38872993e-01,
  2.57980000e+04,-8.49822998e-01,-4.82472003e-01, 7.67740011e-01,-4.44061279e+00, 4.42336988e+00, 6.64215028e-01,
  2.58480000e+04,-8.41033995e-01,-4.82959986e-01, 7.87271976e-01, 1.60186803e+00,-6.25778198e+00, 2.25112891e+00,
  2.58990000e+04,-8.53729010e-01,-4.83936995e-01, 7.90201008e-01, 1.78497303e+00,-2.44308496e+00,-2.96737695e+00,
  2.59490000e+04,-8.35663021e-01,-4.69776988e-01, 7.81412005e-01,-7.32726991e-01, 2.18032789e+00,-4.08126783e+00,
  2.60000000e+04,-8.50799978e-01,-4.83936995e-01, 7.82877028e-01, 2.71575904e+00,-1.28341699e+00, 2.15957594e+00,
  2.60500000e+04,-8.46405029e-01,-4.74171013e-01, 7.68716991e-01, 2.79205298e+00,-3.78585792e+00, 3.92959595e+00,
  2.61000000e+04,-8.35663021e-01,-4.87843007e-01, 7.71157980e-01, 1.82799995e-01,-2.33627295e+00, 3.65493798e+00,
  2.61500000e+04,-8.47382009e-01,-4.83447999e-01, 7.71646976e-01, 6.10046029e-01, 6.23932004e-01, 5.22659302e+00,
  2.62010000e+04,-8.56171012e-01,-4.83936995e-01, 7.74576008e-01, 1.37298596e+00,-3.21960002e-02, 5.69961500e+00,
  2.62510000e+04,-8.53241026e-01,-4.82472003e-01, 7.79459000e-01, 1.52557397e+00, 1.92092896e+00, 5.88272095e+00,
  2.63020000e+04,-8.46405029e-01,-4.89796013e-01, 7.96549022e-01,-9.00574028e-01,-9.01947021e-01, 6.06582594e+00,
  2.63520000e+04,-8.49822998e-01,-4.76612985e-01, 7.74576008e-01, 2.74352998e-01,-6.12030029e-01, 5.97427416e+00,
  2.64020000e+04,-8.45916986e-01,-4.83447999e-01, 7.79459000e-01, 1.61712599e+00,-4.16732788e+00, 4.47891188e+00,
  2.64520000e+04,-8.35663021e-01,-4.78076994e-01, 7.83365011e-01,-5.80138981e-01,-2.32101393e+00, 2.15957594e+00,
  2.65030000e+04,-8.39080989e-01,-4.90283996e-01, 7.56998003e-01,-3.58612108e+00,-1.86325097e+00, 8.08699988e-03,
  2.65540000e+04,-8.51776004e-01,-4.88819987e-01, 7.65787005e-01,-8.09020996e-01, 1.78359997e+00,-1.28891003e+00,
  2.66040000e+04,-8.41521978e-01,-4.85890001e-01, 7.78482974e-01, 2.79205298e+00,-2.44308496e+00, 1.97647095e+00,
  2.66540000e+04,-8.48846018e-01,-4.80518997e-01, 7.75065005e-01,-1.69223022e+01, 3.22859192e+01,-2.03013611e+01,
  2.67040000e+04,-8.48357975e-01,-4.89796013e-01, 7.96060979e-01, 1.00094614e+01, 5.82717896e+00,-2.60116601e+00,
  2.67550000e+04,-8.44452024e-01,-4.75147992e-01, 7.96060979e-01,-9.76867974e-01, 1.40213001e+00, 6.35574293e+00,
  2.68060000e+04,-8.36638987e-01,-4.81007010e-01, 8.01432014e-01,-2.91473389e+00, 3.61465502e+00, 6.64215028e-01,
  2.68560000e+04,-8.81560981e-01,-4.84912992e-01, 7.91177988e-01, 4.47052002e+00, 8.61953831e+00,-2.40280104e+00,
  2.69060000e+04,-8.28827024e-01,-5.02490997e-01, 7.93130994e-01,-6.13400005e-02, 5.35415602e+00, 2.52578712e+00,
  2.69560000e+04,-8.59588981e-01,-4.99561995e-01, 8.05338025e-01,-1.31533823e+01, 1.30903625e+01, 1.32034302e+00,
  2.70060000e+04,-8.74237001e-01,-5.09326994e-01, 8.65396976e-01,-5.82736206e+01, 3.16603069e+01, 1.12843332e+01,
  2.70580000e+04,-8.15155029e-01,-5.13234019e-01, 7.29165971e-01, 6.86339974e-01,-2.12264991e+00,-4.46273804e+00,
  2.71080000e+04,-8.37127984e-01,-4.76123989e-01, 7.72623003e-01, 2.12066603e+00, 1.40213001e+00,-1.75017998e-01,
  2.71580000e+04,-8.37127984e-01,-4.70265001e-01, 7.73111999e-01, 1.06505997e-01,-3.41964698e+00,-1.50828562e+01,
  2.72080000e+04,-8.13202024e-01,-4.71240997e-01, 7.54068971e-01,-1.23626697e+00, 7.36831713e+00, 2.15957594e+00,
  2.72590000e+04,-8.34197998e-01,-4.99072999e-01, 7.57974982e-01, 1.98058993e-01, 9.29108024e-01,-1.18174753e+01,
  2.73100000e+04,-8.05388987e-01,-4.87354994e-01, 7.67740011e-01,-6.41174018e-01, 1.98196399e+00,-9.77279663e+00,
  2.73600000e+04,-7.70721018e-01,-4.73194987e-01, 7.59927988e-01, 2.12066603e+00,-7.53951979e+00,-1.61967468e+01,
  2.74100000e+04,-7.75116026e-01,-4.81007010e-01, 7.66276002e-01, 3.29559302e+00, 2.27188110e+00,-7.52975512e+00,
  2.74600000e+04,-7.70721018e-01,-4.74658996e-01, 7.61393011e-01, 2.36480689e+00,-2.91610694e+00,-2.03929138e+01,
  2.75110000e+04,-7.55585015e-01,-4.75147992e-01, 7.77018011e-01,-3.66241503e+00, 6.49856615e+00,-1.10580397e+00,
  2.75610000e+04,-7.58513987e-01,-4.83447999e-01, 7.55044997e-01,-2.74688697e+00, 4.86587477e+00, 8.08699988e-03,
  2.76120000e+04,-7.44843006e-01,-4.68311995e-01, 7.54557014e-01, 2.74352998e-01, 5.15579224e+00,-7.91122389e+00,
  2.76620000e+04,-7.53632009e-01,-4.74171013e-01, 7.56998003e-01,-1.83135998e+00,-8.71429026e-01,-1.15428171e+01,
  2.77130000e+04,-7.43377984e-01,-4.81007010e-01, 7.55532980e-01,-2.15179396e+00, 3.32473803e+00,-6.98043823e+00,
  2.77630000e+04,-7.46796012e-01,-4.76612985e-01, 7.66763985e-01, 2.45636010e+00,-2.64144897e+00, 8.08699988e-03,
  2.78130000e+04,-7.38982975e-01,-4.81007010e-01, 7.64321983e-01, 7.01599002e-01,-1.77169800e+00,-9.22698975e-01,
  2.78640000e+04,-7.43377984e-01,-4.85401988e-01, 7.55532980e-01, 1.28143299e+00,-3.89266992e+00,-1.94503796e+00,
  2.79140000e+04,-7.24335015e-01,-4.66358989e-01, 7.78482974e-01,-6.13400005e-02, 1.69204700e+00, 1.22879004e+00,
  2.79640000e+04,-7.43866026e-01,-4.83936995e-01, 7.59440005e-01,-1.81610096e+00, 3.03482103e+00,-4.49676991e-01,
  2.80150000e+04,-7.29705989e-01,-4.76612985e-01, 7.63834000e-01, 1.95281994e+00, 5.17120004e-01,-7.43820190e+00,
  2.80650000e+04,-7.27752984e-01,-4.79054004e-01, 7.78482974e-01,-1.14471400e+00,-2.44308496e+00, 1.13723803e+00,
  2.81150000e+04,-7.27752984e-01,-4.77589011e-01, 7.70182014e-01,-4.73327994e-01, 5.82717896e+00, 6.35574293e+00,
  2.81660000e+04,-7.39471018e-01,-4.82959986e-01, 7.70669997e-01,-1.57196105e+00, 3.99612498e+00,-2.87582397e+00,
  2.82160000e+04,-7.21893013e-01,-4.76612985e-01, 7.78482974e-01, 8.69445980e-01, 2.94326806e+00,-7.16354418e+00,
  2.82670000e+04,-7.24335015e-01,-4.73683000e-01, 7.68716991e-01,-6.13400005e-02, 3.43154907e+00,-2.03659105e+00,
  2.83170000e+04,-7.32635021e-01,-4.80518997e-01, 7.56998003e-01, 3.65906000e-01,-1.69540405e+00,-5.94284105e+00,
  2.83670000e+04,-7.17499018e-01,-4.85890001e-01, 7.62368977e-01,-4.73327994e-01, 4.66751099e+00,-1.19735706e+00,
  2.84180000e+04,-7.25310981e-01,-4.76612985e-01, 7.70182014e-01, 1.49539998e-02,-2.51937890e+00,-8.34660009e-02,
  2.84680000e+04,-7.18474984e-01,-4.65869993e-01, 7.65787005e-01, 1.06505997e-01, 1.35651007e-01, 4.38736010e+00,
  2.85190000e+04,-7.19452024e-01,-4.74658996e-01, 7.59927988e-01,-7.32726991e-01, 5.32378972e-01,-5.41229010e-01,
  2.85690000e+04,-7.14080989e-01,-4.69776988e-01, 7.63346016e-01,-2.29186997e-01, 4.39285278e+00,-2.40280104e+00,
  2.86190000e+04,-7.12127984e-01,-4.70753014e-01, 7.55532980e-01,-9.00574028e-01,-1.77169800e+00,-1.76193202e+00,
  2.86690000e+04,-7.16033995e-01,-4.68311995e-01, 7.72135019e-01,-6.13400005e-02,-1.39022803e+00, 5.31814623e+00,
  2.87200000e+04,-7.08710015e-01,-4.74658996e-01, 7.63346016e-01,-1.22374997e-01,-1.89376795e+00,-1.28891003e+00,
  2.87700000e+04,-7.13104010e-01,-4.61964011e-01, 7.56021976e-01, 4.57459003e-01,-2.76336998e-01,-3.98971605e+00,
  2.88210000e+04,-7.09685981e-01,-4.68800008e-01, 7.54068971e-01, 1.11358595e+00,-2.30560005e-01,-1.65512097e+00,
  2.88710000e+04,-7.18963981e-01,-4.74658996e-01, 7.53579974e-01, 1.44928002e+00, 4.28604078e+00,-4.64584303e+00,
  2.89210000e+04,-7.07732975e-01,-4.73683000e-01, 7.64810979e-01, 1.20513904e+00,-1.11556995e+00, 2.98004001e-01,
  2.89720000e+04,-7.03827024e-01,-4.72705990e-01, 7.66763985e-01, 1.37298596e+00,-2.07687402e+00,-1.28891003e+00,
  2.90220000e+04,-7.10663021e-01,-4.71240997e-01, 7.84829974e-01, 7.01599002e-01, 5.33889818e+00,-4.08126783e+00,
  2.90730000e+04,-7.04802990e-01,-4.79541987e-01, 7.85318971e-01, 6.10046029e-01,-9.01947021e-01,-5.21041918e+00,
  2.91230000e+04,-7.03338981e-01,-4.74171013e-01, 7.69693971e-01, 2.28851295e+00, 2.47024488e+00,-1.76193202e+00,
  2.91730000e+04,-7.03827024e-01,-4.76612985e-01, 7.66276002e-01, 1.54083204e+00,-4.47250414e+00,-9.22698975e-01,
  2.92230000e+04,-7.07244992e-01,-4.69776988e-01, 7.66763985e-01,-6.41174018e-01,-2.24471998e+00,-1.10580397e+00,
  2.92740000e+04,-6.97479010e-01,-4.72705990e-01, 7.57974982e-01, 1.87652600e+00,-4.67086792e+00,-2.49435401e+00,
  2.93240000e+04,-7.04315007e-01,-4.78565991e-01, 7.72135019e-01, 5.33752024e-01, 5.32378972e-01, 2.90725708e+00,
  2.93750000e+04,-6.95526004e-01,-4.69287992e-01, 7.72623003e-01,-1.31256104e+00,-1.49704003e+00, 2.06450999e-01,
  2.94250000e+04,-7.03338981e-01,-4.73683000e-01, 7.65787005e-01, 1.72393799e+00,-4.19784498e+00, 2.06450999e-01,
  2.94750000e+04,-6.94549978e-01,-4.73194987e-01, 7.60415971e-01,-4.73327994e-01, 1.21902502e+00,-3.05892897e+00,
  2.95260000e+04,-6.93085015e-01,-4.72705990e-01, 7.77505994e-01,-1.90765405e+00,-4.16732788e+00,-7.34664917e+00,
  2.95760000e+04,-6.99432015e-01,-4.65382010e-01, 7.71646976e-01,-3.05480987e-01, 3.34015012e-01, 6.64215028e-01,
  2.96270000e+04,-6.91619992e-01,-4.73683000e-01, 7.63834000e-01,-3.97033989e-01, 3.72146606e+00,-6.32781982e-01,
  2.96770000e+04,-6.88690007e-01,-4.70753014e-01, 7.72135019e-01,-1.37633994e-01, 3.79776001e+00,-2.78427100e+00,
  2.97270000e+04,-7.00896978e-01,-4.72705990e-01, 7.54068971e-01, 8.69445980e-01, 2.05825806e+00, 3.27346802e+00,
  2.97770000e+04,-6.92596018e-01,-4.68311995e-01, 7.79946983e-01, 5.33752024e-01,-4.94552612e+00,-3.58123988e-01,
  2.98280000e+04,-6.90643013e-01,-4.71240997e-01, 7.76530027e-01, 3.29559302e+00,-4.36569214e+00, 3.45657301e+00,
  2.98780000e+04,-6.89666986e-01,-4.70265001e-01, 7.68716991e-01, 1.37298596e+00,-2.44308496e+00,-1.38046300e+00,
  2.99290000e+04,-6.88690007e-01,-4.67822999e-01, 7.67252028e-01, 4.42200005e-01,-2.07687402e+00,-7.71286011e+00,
  2.99790000e+04,-6.92596018e-01,-4.70265001e-01, 7.63834000e-01,-5.49621999e-01,-4.19784498e+00, 1.50344801e+00,
  3.00290000e+04,-6.93572998e-01,-4.77589011e-01, 7.67740011e-01, 4.54710014e-02, 6.84966981e-01,-2.12814307e+00,
  3.00800000e+04,-6.81366026e-01,-4.74658996e-01, 7.59927988e-01,-9.00574028e-01,-1.97006202e+00,-3.42513990e+00,
  3.01300000e+04,-6.80877984e-01,-4.66847003e-01, 7.61880994e-01,-9.00574028e-01,-1.95480299e+00, 1.22879004e+00,
  3.01810000e+04,-6.95038021e-01,-4.62940991e-01, 7.89713025e-01,-1.90765405e+00,-1.49704003e+00, 2.61734009e+00,
  3.02310000e+04,-6.87713981e-01,-4.75636005e-01, 7.82877028e-01,-3.05480987e-01, 1.47842395e+00, 8.21731567e+00,
  3.02810000e+04,-6.88690007e-01,-4.65382010e-01, 7.72623003e-01, 2.73101807e+00, 7.91778982e-01,-9.22698975e-01,
  3.03310000e+04,-6.79413021e-01,-4.63429004e-01, 7.77505994e-01,-4.60820012e-02,-1.22238195e+00, 1.50344801e+00,
  3.03820000e+04,-6.89666986e-01,-4.64893997e-01, 7.73111999e-01, 1.98058993e-01, 3.32473803e+00,-2.60116601e+00,
  3.04320000e+04,-6.83318973e-01,-4.73683000e-01, 7.54557014e-01, 3.02120000e-02,-9.17205989e-01,-6.59896803e+00,
  3.04830000e+04,-6.76971018e-01,-4.67822999e-01, 7.65787005e-01,-7.32726991e-01, 5.43044996e+00,-7.34664917e+00,
  3.05330000e+04,-6.74041986e-01,-4.59033996e-01, 7.84829974e-01,-1.40411401e+00, 2.54653907e+00, 4.20425415e+00,
  3.05830000e+04,-6.69646978e-01,-4.69776988e-01, 7.56998003e-01,-6.13400005e-02, 2.05825806e+00, 7.55768001e-01,
  3.06330000e+04,-6.73552990e-01,-4.62940991e-01, 7.65787005e-01, 1.96807802e+00,-2.09213305e+00,-6.32430983e+00,
  3.06840000e+04,-6.66718006e-01,-4.66847003e-01, 7.55532980e-01,-6.25916004e-01, 1.35635400e+00, 5.22659302e+00,
  3.07350000e+04,-6.80877984e-01,-4.62940991e-01, 7.73111999e-01,-4.73327994e-01, 3.70620704e+00, 7.55768001e-01,
  3.07850000e+04,-6.73065007e-01,-4.63429004e-01, 7.73111999e-01, 6.25304997e-01, 1.75308204e+00, 1.14899002e-01,
  3.08350000e+04,-6.61346018e-01,-4.66358989e-01, 7.65787005e-01, 3.12774706e+00,-5.35736024e-01,-7.25509596e+00,
  3.08850000e+04,-6.81854010e-01,-4.66847003e-01, 7.69693971e-01,-4.73327994e-01, 4.94216919e+00, 4.29580688e+00,
  3.09360000e+04,-6.79413021e-01,-4.68311995e-01, 7.65787005e-01, 7.93151975e-01, 5.03372192e+00,-8.31146002e-01
