time,ax,ay,az,gx,gy,gz,
 6.41000000e+02,-7.31199980e-03, 1.24999997e-03, 9.92128015e-01,-5.91888011e-01, 4.66125488e+00, 6.27319288e+00,
  6.91000000e+02, 9.88999964e-04,-2.65599997e-03, 9.95056987e-01,-1.33956897e+00, 3.53210497e+00, 2.26013207e+00,
  7.41000000e+02,-5.35900006e-03,-2.65599997e-03, 1.00824106e+00,-1.64642006e-01, 1.10595703e+00,-2.01232910e+00,
  7.91000000e+02, 2.45400006e-03, 1.24999997e-03, 9.99939978e-01,-5.91888011e-01,-4.19921994e-01, 4.50317383e+00,
  8.41000000e+02,-2.91700009e-03,-1.67999999e-03, 9.89198029e-01, 6.74591005e-01,-1.30005002e-01, 1.89392102e+00,
  8.91000000e+02,-1.12180002e-02, 7.10899988e-03, 1.00140500e+00, 1.08657801e+00, 5.26122987e-01,-2.48535204e+00,
  9.42000000e+02, 1.47699995e-03, 5.15600014e-03, 1.01263499e+00,-2.27035499e+00, 6.21765089e+00, 5.34240723e+00,
  9.92000000e+02, 5.38299978e-03, 7.61999981e-04, 1.00482297e+00,-1.67526197e+00, 6.59912109e+00,-6.23778999e-01,
  1.04200000e+03,-1.12180002e-02, 6.62099989e-03, 9.92128015e-01, 2.18521094e+00,-5.51635695e+00, 6.73095703e+00,
  1.09300000e+03, 2.45400006e-03, 1.24999997e-03, 9.88220990e-01, 1.19339001e+00,-2.67822194e+00, 3.07007015e-01,
  1.14300000e+03,-9.75299999e-03,-4.60899994e-03, 9.95545983e-01,-9.27582026e-01,-2.34252906e+00, 2.64160204e+00,
  1.19300000e+03, 4.89499979e-03,-1.19099999e-03, 9.80409026e-01, 1.57485998e+00,-1.83898902e+00,-7.91625977e-01,
  1.24400000e+03,-2.42900010e-03, 1.05269998e-02, 1.00286996e+00,-1.67526197e+00, 3.60839891e+00, 2.45849609e+00,
  1.29400000e+03,-5.35900006e-03,-6.07400015e-03, 9.82850015e-01,-7.59734988e-01, 4.66125488e+00, 3.48083496e+00,
  1.34400000e+03, 1.47699995e-03,-3.63299996e-03, 1.00726402e+00, 1.92581201e+00,-4.08203077e+00,-7.88696289e+00,
  1.39400000e+03, 1.96500006e-03,-8.02700035e-03, 9.97498989e-01,-1.50741601e+00,-2.44934106e+00,-1.46301305e+00,
  1.44400000e+03, 5.87200001e-03,-2.14999993e-04, 9.97498989e-01,-1.64642006e-01, 6.87377882e+00,-2.30224609e+00,
  1.49500000e+03,-2.42900010e-03,-7.02999998e-04, 9.90662992e-01, 2.09365797e+00, 5.04272509e+00, 7.66174316e+00,
  1.54600000e+03,-2.91700009e-03, 4.18000016e-03, 1.00286996e+00,-7.44476020e-01,-8.42280015e-02,-3.49121004e-01,
  1.59600000e+03, 1.20000004e-05, 2.73000012e-04, 1.00775301e+00,-8.36028993e-01, 4.67651415e+00,-1.92077601e+00,
  1.64600000e+03,-2.91700009e-03,-5.58600016e-03, 1.00140500e+00, 3.20399995e-03,-5.37110008e-02, 1.61926305e+00,
  1.69600000e+03,-2.91700009e-03, 2.73000012e-04, 1.00140500e+00, 7.94980004e-02, 1.48742700e+00,-5.46081495e+00,
  1.74600000e+03,-3.40600009e-03,-5.58600016e-03, 1.00726402e+00, 1.51382399e+00,-5.11475027e-01,-2.11914110e+00,
  1.79700000e+03, 4.89499979e-03, 1.73799996e-03, 1.00872898e+00, 8.57697010e-01,-1.00787363e+01, 2.91626000e+00,
  1.84700000e+03,-9.64000006e-04,-2.14999993e-04, 1.00091696e+00, 4.51980591e+00,-1.59484899e+00,-2.30224609e+00,
  1.89700000e+03,-6.33500004e-03, 5.64499991e-03, 9.98964012e-01, 2.09365797e+00,-2.32727003e+00, 3.67919898e+00,
  1.94700000e+03, 5.00000024e-04,-2.65599997e-03, 1.01214695e+00, 5.83037972e-01, 1.57897902e+00,-3.23303199e+00,
  1.99800000e+03, 1.96500006e-03, 1.24999997e-03, 1.00042796e+00, 1.01028395e+00,-2.73925805e+00, 3.29772902e+00,
  2.04900000e+03,-5.35900006e-03,-3.14499997e-03, 1.00775301e+00,-1.67526197e+00,-1.65588403e+00, 5.96924007e-01,
  2.09900000e+03, 1.47699995e-03,-1.19099999e-03, 9.84803021e-01,-1.26327503e+00, 3.33374000e+00,-5.92040010e-02,
  2.14900000e+03,-4.87100007e-03, 9.06299986e-03, 1.01409996e+00, 4.15192008e-01,-1.48803699e+00,-5.00305223e+00,
  2.19900000e+03,-9.64000006e-04,-1.67999999e-03, 9.98475015e-01,-9.27582026e-01,-4.18884277e+00,-9.89989996e-01,
  2.24900000e+03, 5.00000024e-04,-2.65599997e-03, 1.01409996e+00,-9.27582026e-01,-1.56433105e+00, 3.22266012e-01,
  2.29900000e+03,-6.33500004e-03, 9.55099985e-03, 9.96522009e-01, 1.08657801e+00,-1.45264000e-01,-2.76001000e+00,
  2.35000000e+03, 9.88999964e-04, 5.64499991e-03, 9.99451995e-01,-2.34664893e+00, 2.29614305e+00, 4.42687988e+00,
  2.40000000e+03, 1.20000004e-05, 3.69099993e-03, 9.77478981e-01,-4.24041986e-01,-1.86950696e+00,-5.65918016e+00,
  2.45000000e+03, 3.91800003e-03, 1.00389998e-02, 9.94569004e-01, 2.18521094e+00, 4.66125488e+00,-2.21069288e+00,
  2.50100000e+03, 1.47699995e-03,-1.67999999e-03, 1.00726402e+00,-6.68182015e-01,-6.33544981e-01,-1.18835402e+00,
  2.55100000e+03,-4.75999987e-04,-1.67999999e-03, 1.01019394e+00, 2.42935205e+00,-5.33325195e+00, 7.57018995e+00,
  2.60100000e+03, 4.40699980e-03,-4.12099995e-03, 9.92615998e-01,-1.99569702e+00,-1.22863805e+00, 2.64160204e+00,
  2.65200000e+03,-4.38199984e-03, 2.73000012e-04, 1.00824106e+00, 2.35305810e+00,-1.10656703e+00, 4.12170410e+00,
  2.70200000e+03, 2.45400006e-03,-8.51599965e-03, 1.00189304e+00, 2.42935205e+00,-2.93762207e+00,-9.89989996e-01,
  2.75200000e+03, 1.20000004e-05, 2.73000012e-04, 9.90175009e-01,-8.36028993e-01,-2.32727003e+00, 1.25305200e+00,
  2.80200000e+03,-4.75999987e-04, 5.15600014e-03, 1.01556504e+00,-2.60604906e+00, 1.97570801e+00,-5.00305223e+00,
  2.85200000e+03, 1.20000004e-05, 7.61999981e-04, 9.95056987e-01, 6.74591005e-01,-1.39648402e+00, 1.23901002e-01,
  2.90300000e+03,-8.77700001e-03, 6.13299990e-03, 9.99451995e-01, 3.52798390e+00,-2.93762207e+00, 5.80017090e+00,
  2.95400000e+03,-8.28900002e-03, 3.20299994e-03, 9.98475015e-01, 3.26858497e+00,-6.98120117e+00, 3.07007015e-01,
  3.00400000e+03,-7.79999979e-03, 1.73799996e-03, 9.96522009e-01,-3.32489014e-01, 7.17895508e+00, 2.15453997e-01,
  3.05400000e+03,-6.33500004e-03, 3.20299994e-03, 1.00872898e+00,-1.69052100e+00, 1.60949695e+00, 2.36694288e+00,
  3.10400000e+03,-3.40600009e-03,-9.00399964e-03, 9.95056987e-01,-5.91888011e-01,-3.41064405e+00,-3.23303199e+00,
  3.15400000e+03, 1.96500006e-03,-6.07400015e-03, 1.00726402e+00, 1.71050996e-01, 9.22851980e-01,-1.18835402e+00,
  3.20500000e+03, 1.20000004e-05,-9.49199963e-03, 1.00042796e+00, 1.71050996e-01,-2.08312988e+00, 3.38928199e+00,
  3.25500000e+03,-1.45300000e-03,-3.63299996e-03, 9.95545983e-01,-1.26327503e+00,-2.21558005e-01,-3.50768995e+00,
  3.30500000e+03,-4.75999987e-04,-3.14499997e-03, 1.00384605e+00,-3.10958910e+00, 2.15881395e+00,-4.43847704e+00,
  3.35500000e+03, 9.88999964e-04,-5.58600016e-03, 9.99939978e-01,-1.09542799e+00,-2.23571801e+00,-4.71313477e+00,
  3.40600000e+03,-7.79999979e-03, 1.24999997e-03, 9.99939978e-01, 4.15192008e-01, 1.01440406e+00, 2.73315406e+00,
  3.45700000e+03,-4.75999987e-04, 3.69099993e-03, 9.96522009e-01, 7.66143978e-01, 1.94518995e+00, 8.13476562e+00,
  3.50700000e+03, 9.88999964e-04, 7.10899988e-03, 9.92615998e-01,-2.17880297e+00, 3.12011695e+00,-1.55456495e+00,
  3.55700000e+03,-1.45300000e-03,-1.19099999e-03, 9.78456020e-01,-3.10958910e+00, 3.89831591e+00, 2.15453997e-01,
  3.60700000e+03,-1.45300000e-03,-2.65599997e-03, 1.00482297e+00, 1.84951794e+00,-1.27441394e+00,-3.87390089e+00,
  3.65700000e+03, 4.89499979e-03,-5.09800017e-03, 9.95056987e-01, 4.30449992e-01,-1.80847204e+00, 3.23490016e-02,
  3.70700000e+03,-4.75999987e-04,-2.65599997e-03, 9.99939978e-01, 9.18731987e-01,-3.51745605e+00, 3.19091797e+00,
  3.75800000e+03, 1.47699995e-03, 4.18000016e-03, 1.00286996e+00, 1.17813098e+00, 2.38769603e+00,-2.65319800e+00,
  3.80800000e+03,-4.38199984e-03,-1.67999999e-03, 1.00384605e+00, 6.74591005e-01, 3.13537598e+00, 2.82470703e+00,
  3.85800000e+03, 1.96500006e-03,-1.67999999e-03, 9.90662992e-01,-6.68182015e-01,-4.57031202e+00,-2.95837402e+00,
  3.90900000e+03, 3.91800003e-03,-3.14499997e-03, 1.00580001e+00,-3.35372901e+00, 4.66125488e+00,-6.23778999e-01,
  3.95900000e+03, 8.31300020e-03, 3.20299994e-03, 9.96034026e-01, 1.59011805e+00, 4.66125488e+00, 3.23490016e-02,
  4.00900000e+03, 5.00000024e-04, 1.73799996e-03, 9.98964012e-01, 1.59011805e+00, 2.64709496e+00, 3.38928199e+00,
  4.06000000e+03,-2.91700009e-03, 2.73000012e-04, 1.00091696e+00, 2.27676392e+00,-6.64062023e-01,-5.92040010e-02,
  4.11000000e+03,-4.87100007e-03, 5.15600014e-03, 9.97498989e-01,-5.00335991e-01, 1.39587402e+00,-2.11914110e+00,
  4.16000000e+03,-2.42900010e-03, 4.66800015e-03, 1.00824106e+00,-1.09542799e+00,-5.79101610e+00, 8.86840999e-01,
  4.21000000e+03, 1.02660004e-02,-1.33980000e-02, 9.98964012e-01,-1.33956897e+00,-4.26513720e+00, 1.14624000e+00,
  4.26000000e+03,-4.87100007e-03,-1.67999999e-03, 9.97498989e-01, 1.36123705e+00, 5.59204102e+00, 1.32934594e+00,
  4.31200000e+03, 5.00000024e-04,-2.65599997e-03, 1.00775301e+00,-2.10250902e+00,-2.36816004e-01, 3.38928199e+00,
  4.36200000e+03, 2.45400006e-03, 2.73000012e-04, 9.96034026e-01,-3.18588305e+00, 2.36205995e-01,-8.06885004e-01,
  4.41200000e+03,-8.77700001e-03, 8.08599964e-03, 9.95545983e-01, 1.75796497e+00,-1.09130895e+00, 9.63135004e-01,
  4.46200000e+03, 3.43000004e-03, 3.20299994e-03, 1.01849496e+00, 4.15192008e-01,-1.09130895e+00,-4.07226610e+00,
  4.51200000e+03,-6.33500004e-03,-1.19099999e-03, 9.95545983e-01,-3.32489014e-01, 6.32934988e-01, 3.00781202e+00,
  4.56200000e+03,-1.45300000e-03,-3.14499997e-03, 1.00775301e+00,-3.32489014e-01, 3.89831591e+00, 4.12170410e+00,
  4.61300000e+03,-3.40600009e-03,-2.14999993e-04, 1.00628805e+00, 1.17813098e+00,-3.43627989e-01,-1.08154297e+00,
  4.66300000e+03, 1.96500006e-03,-7.02999998e-04, 1.00140500e+00,-2.27035499e+00, 2.84545898e+00, 8.71581972e-01,
  4.71300000e+03,-1.45300000e-03, 3.69099993e-03, 9.92128015e-01, 5.06744027e-01, 2.08252001e+00,-4.34692383e+00,
  4.76300000e+03, 1.20000004e-05, 3.69099993e-03, 1.02191305e+00,-1.67526197e+00,-1.10656703e+00,-5.32226980e-01,
  4.81400000e+03,-8.77700001e-03, 6.62099989e-03, 1.00872898e+00, 8.42437983e-01,-7.72888184e+00,-5.92040010e-02,
  4.86500000e+03,-5.35900006e-03,-9.97999962e-03, 9.99451995e-01, 1.59011805e+00, 3.31848192e+00,-7.15331972e-01,
  4.91500000e+03, 2.45400006e-03, 3.20299994e-03, 9.91639018e-01, 1.84951794e+00,-4.86022902e+00, 3.38928199e+00,
  4.96500000e+03,-5.84700005e-03,-7.02999998e-04, 9.94081020e-01,-9.27582026e-01, 1.04492199e+00,-4.14856005e+00,
  5.01500000e+03,-4.75999987e-04,-7.02999998e-04, 9.99451995e-01, 5.06744027e-01, 4.60022020e+00,-1.26464796e+00,
  5.06500000e+03,-7.79999979e-03, 6.13299990e-03, 1.00531101e+00, 1.68167102e+00,-5.15014601e+00,-3.88915992e+00,
  5.11500000e+03, 4.89499979e-03, 2.22699996e-03, 1.00140500e+00,-9.27582026e-01,-1.97631800e+00, 4.12170410e+00,
  5.16600000e+03,-4.38199984e-03,-2.14999993e-04, 9.84314978e-01, 1.01028395e+00,-6.27929688e+00,-4.34692383e+00,
  5.21600000e+03,-1.26830004e-02,-6.07400015e-03, 1.00531101e+00,-1.64642006e-01, 3.04382300e+00,-6.68151903e+00,
  5.26700000e+03,-4.38199984e-03,-5.09800017e-03, 9.96034026e-01, 1.71050996e-01, 2.66235399e+00, 2.15453997e-01,
  5.31700000e+03,-2.91700009e-03,-4.12099995e-03, 9.99451995e-01,-8.36028993e-01, 3.89831591e+00, 3.00781202e+00,
  5.36700000e+03, 1.96500006e-03,-1.19099999e-03, 1.00433505e+00, 6.74591005e-01, 3.60839891e+00, 2.73315406e+00,
  5.41700000e+03,-1.45300000e-03, 2.22699996e-03, 1.01361203e+00, 5.06744027e-01,-2.44934106e+00, 4.77783203e+00,
  5.46800000e+03,-7.31199980e-03, 6.62099989e-03, 9.92615998e-01,-1.93466198e+00, 1.44653007e-01,-5.92040010e-02,
  5.51800000e+03, 6.36000000e-03, 3.69099993e-03, 1.00286996e+00,-6.52924001e-01, 3.12500000e-01, 6.88476980e-01,
  5.56800000e+03,-1.45300000e-03,-1.19099999e-03, 9.97498989e-01,-2.01095605e+00,-2.36816004e-01, 6.45629883e+00,
  5.61800000e+03, 1.47699995e-03,-3.14499997e-03, 1.00140500e+00,-1.26327503e+00,-4.95178223e+00, 5.99853516e+00,
  5.66900000e+03, 1.20000004e-05, 3.69099993e-03, 9.88709986e-01,-1.09542799e+00,-2.25097609e+00,-1.18835402e+00,
  5.72000000e+03,-2.91700009e-03, 3.20299994e-03, 1.00775301e+00, 3.20399995e-03, 1.12121606e+00, 1.23901002e-01,
  5.77000000e+03, 1.47699995e-03,-1.67999999e-03, 1.01019394e+00,-2.94174194e+00, 4.38659716e+00,-4.72839403e+00,
  5.82000000e+03, 5.00000024e-04,-3.63299996e-03, 9.90662992e-01,-2.27035499e+00, 5.41382015e-01,-7.15331972e-01,
  5.87000000e+03,-3.40600009e-03,-3.14499997e-03, 9.95056987e-01, 5.98297000e-01,-3.92944288e+00, 2.82470703e+00,
  5.92000000e+03, 1.20000004e-05,-2.65599997e-03, 9.90662992e-01, 2.03262305e+00, 1.65527296e+00, 3.09936500e+00,
  5.97000000e+03, 5.00000024e-04, 5.64499991e-03, 1.00580001e+00,-8.83480012e-02,-1.28967297e+00,-6.23778999e-01,
  6.02100000e+03, 5.38299978e-03, 2.22699996e-03, 9.96522009e-01, 5.06744027e-01, 2.18933105e+00,-3.33862007e-01,
  6.07100000e+03, 5.00000024e-04,-5.09800017e-03, 9.81873989e-01, 1.71050996e-01,-1.48803699e+00, 3.07007015e-01,
  6.12100000e+03,-7.79999979e-03,-2.14999993e-04, 1.00335801e+00,-1.26327503e+00, 2.86071801e+00, 1.34460402e+00,
  6.17200000e+03, 1.47699995e-03, 7.61999981e-04, 1.00628805e+00,-5.00335991e-01,-2.36816004e-01,-5.18615723e+00,
  6.22200000e+03, 8.31300020e-03,-1.67999999e-03, 1.00970602e+00,-3.32489014e-01,-6.33544981e-01, 1.32934594e+00,
  6.27300000e+03,-3.40600009e-03, 5.64499991e-03, 1.00286996e+00, 7.66143978e-01,-2.87658691e+00, 1.14624000e+00,
  6.32300000e+03,-5.35900006e-03,-2.14999993e-04, 9.99451995e-01, 5.83037972e-01, 8.16039979e-01, 5.34240723e+00,
  6.37300000e+03,-2.42900010e-03, 2.22699996e-03, 9.89198029e-01, 1.71050996e-01,-4.93652296e+00, 3.38928199e+00,
  6.42300000e+03,-4.87100007e-03,-3.63299996e-03, 9.81384993e-01,-4.24041986e-01,-3.79211402e+00, 2.16857910e+00,
  6.47300000e+03, 1.20000004e-05,-4.12099995e-03, 1.00628805e+00,-2.77389503e+00, 3.34899902e+00,-7.00073004e-01,
  6.52300000e+03,-5.84700005e-03, 1.73799996e-03, 1.00140500e+00,-5.00335991e-01, 2.06726098e+00, 1.23779297e+00,
  6.57400000e+03,-9.64000006e-04,-1.67999999e-03, 9.88220990e-01, 1.42227197e+00,-1.39648402e+00,-8.06885004e-01,
  6.62400000e+03,-4.38199984e-03,-5.09800017e-03, 9.99939978e-01, 3.36013794e+00,-7.25098014e-01, 3.66393995e+00,
  6.67500000e+03,-4.87100007e-03,-3.14499997e-03, 9.97498989e-01,-4.24041986e-01, 5.75988817e+00, 4.60998487e+00,
  6.72500000e+03, 3.91800003e-03, 4.66800015e-03, 9.95056987e-01,-8.83480012e-02,-4.75341797e+00, 4.41162109e+00,
  6.77500000e+03,-5.84700005e-03,-2.14999993e-04, 1.00140500e+00,-2.34664893e+00,-2.31929999e-02,-4.89624023e+00,
  6.82500000e+03, 1.20000004e-05,-4.12099995e-03, 1.01800704e+00,-1.33956897e+00, 1.02966297e+00,-6.95617723e+00,
  6.87600000e+03,-1.07300002e-02,-6.56200014e-03, 1.00433505e+00, 4.15192008e-01,-3.12072706e+00,-1.18835402e+00,
  6.92600000e+03,-9.75299999e-03, 3.69099993e-03, 1.00531101e+00, 1.84951794e+00,-1.61010695e+00, 3.38928199e+00,
  6.97600000e+03, 1.20000004e-05, 1.73799996e-03, 9.99939978e-01, 1.71050996e-01, 3.34899902e+00, 2.93151903e+00,
  7.02600000e+03, 1.20000004e-05,-1.19099999e-03, 1.00140500e+00,-2.68234301e+00,-6.79809618e+00, 1.14624000e+00,
  7.07700000e+03,-3.40600009e-03,-5.09800017e-03, 1.00384605e+00,-1.50741601e+00, 3.41003394e+00,-3.50768995e+00,
  7.12800000e+03, 5.00000024e-04, 1.73799996e-03, 9.83339012e-01,-3.44528198e+00,-1.28967297e+00,-5.27770996e+00,
  7.17800000e+03,-2.42900010e-03,-5.09800017e-03, 1.00531101e+00,-1.33956897e+00, 5.42419386e+00,-8.98437023e-01,
  7.22800000e+03, 1.20000004e-05, 8.08599964e-03, 9.95545983e-01, 1.75796497e+00,-7.13378906e+00,-1.35620105e+00,
  7.27800000e+03, 1.47699995e-03, 7.61999981e-04, 1.00726402e+00, 2.16995192e+00, 3.73535007e-01, 2.27539110e+00,
  7.32800000e+03,-3.89400008e-03,-1.19099999e-03, 1.01800704e+00, 2.93289208e+00,-2.72399902e+00, 1.61926305e+00,
  7.37800000e+03,-2.91700009e-03, 2.22699996e-03, 1.01605296e+00, 1.17813098e+00, 2.54028296e+00,-3.49121004e-01,
  7.42900000e+03,-7.31199980e-03,-1.67999999e-03, 1.00775301e+00,-5.91888011e-01, 1.97570801e+00, 1.52770996e+00,
  7.47900000e+03, 1.96500006e-03,-6.56200014e-03, 9.93103981e-01,-1.09542799e+00, 1.44653007e-01,-4.81994581e+00,
  7.53000000e+03,-1.45300000e-03, 6.62099989e-03, 9.95545983e-01, 2.20046997e+00, 1.54846203e+00, 3.07007015e-01,
  7.58000000e+03, 4.40699980e-03, 9.55099985e-03, 9.91639018e-01, 3.38898003e-01, 4.40185499e+00, 4.33532715e+00,
  7.63000000e+03, 1.96500006e-03,-3.14499997e-03, 9.97498989e-01, 4.15192008e-01, 5.45471191e+00, 2.55004907e+00,
  7.68100000e+03, 5.00000024e-04, 1.24999997e-03, 9.94081020e-01, 1.08657801e+00, 3.42529297e+00,-3.49121004e-01,
  7.73100000e+03,-9.75299999e-03,-3.14499997e-03, 1.01312399e+00,-1.33956897e+00,-5.11475027e-01,-1.18835402e+00,
  7.78100000e+03,-2.42900010e-03,-2.65599997e-03, 1.00286996e+00, 1.34597802e+00,-4.57031202e+00,-3.32458496e+00,
  7.83100000e+03, 3.43000004e-03, 9.55099985e-03, 9.98475015e-01, 3.54155988e-01, 1.07543898e+00,-1.64611804e+00,
  7.88100000e+03, 4.89499979e-03,-1.67999999e-03, 9.88709986e-01, 8.42437983e-01,-6.78283691e+00, 5.81664979e-01,
  7.93100000e+03,-8.28900002e-03, 2.22699996e-03, 9.90175009e-01, 1.75796497e+00, 3.41003394e+00,-2.42310002e-01,
  7.98300000e+03, 1.96500006e-03,-4.12099995e-03, 9.97009993e-01,-9.27582026e-01, 4.56970215e+00,-2.57690406e+00,
  8.03300000e+03,-3.40600009e-03, 5.64499991e-03, 9.98475015e-01,-2.10250902e+00,-6.48804009e-01,-4.91149902e+00,
  8.08300000e+03, 5.38299978e-03, 1.73799996e-03, 1.00189304e+00,-9.27582026e-01,-4.35180992e-01,-3.59924293e+00,
  8.13300000e+03,-3.40600009e-03, 1.73799996e-03, 1.00384605e+00, 8.42437983e-01,-5.60791016e+00,-5.75073195e+00,
  8.18300000e+03,-9.64000006e-04, 6.13299990e-03, 9.91639018e-01,-6.68182015e-01,-1.45752001e+00,-1.17309594e+00,
  8.23300000e+03,-5.35900006e-03,-9.97999962e-03, 9.96522009e-01,-2.34664893e+00,-8.16649973e-01,-1.27990699e+00,
  8.28400000e+03, 1.96500006e-03,-1.19099999e-03, 9.96522009e-01,-6.68182015e-01,-2.36816004e-01, 1.32934594e+00,
  8.33400000e+03,-5.84700005e-03,-5.09800017e-03, 9.91639018e-01, 1.01028395e+00,-4.18884277e+00, 3.66393995e+00,
  8.38400000e+03, 2.45400006e-03,-7.02999998e-04, 9.96522009e-01, 1.59011805e+00,-5.37110008e-02,-2.01232910e+00,
  8.43500000e+03, 2.45400006e-03,-1.24220001e-02, 9.98964012e-01,-7.59734988e-01,-1.39648402e+00, 2.82470703e+00,
  8.48500000e+03,-3.89400008e-03, 1.24999997e-03, 9.94569004e-01,-1.33956897e+00, 7.95715284e+00,-2.57690406e+00,
  8.53600000e+03, 5.87200001e-03,-6.56200014e-03, 9.94081020e-01,-2.56195009e-01,-7.09838986e-01, 3.66393995e+00,
  8.58600000e+03,-2.42900010e-03,-4.12099995e-03, 9.94081020e-01,-7.59734988e-01, 2.84545898e+00,-4.16381788e+00,
  8.63600000e+03, 2.45400006e-03,-1.19099999e-03, 9.95545983e-01, 8.42437983e-01, 2.15881395e+00,-1.92077601e+00,
  8.68600000e+03, 1.96500006e-03, 1.73799996e-03, 9.86756980e-01, 7.94980004e-02, 2.44873095e+00,-8.98437023e-01,
  8.73600000e+03, 5.38299978e-03,-3.14499997e-03, 1.00433505e+00,-2.68234301e+00,-4.57031202e+00, 4.32006788e+00,
  8.78600000e+03,-1.45300000e-03, 7.61999981e-04, 1.00091696e+00, 2.42935205e+00,-4.28039503e+00,-2.39379907e+00,
  8.83700000e+03,-3.40600009e-03, 2.22699996e-03, 1.00286996e+00, 1.59011805e+00,-5.37110008e-02, 1.52770996e+00,
  8.88800000e+03,-9.26500000e-03, 1.73799996e-03, 9.99939978e-01, 2.35305810e+00,-1.48803699e+00,-2.66845703e+00,
  8.93800000e+03, 3.43000004e-03, 2.73000012e-04, 1.00042796e+00, 7.94980004e-02, 5.74462891e+00,-5.46081495e+00,
  8.98800000e+03, 2.45400006e-03,-2.65599997e-03, 1.00286996e+00, 1.71050996e-01,-6.67602491e+00,-1.82922399e+00,
  9.03800000e+03,-1.45300000e-03, 3.69099993e-03, 1.00824106e+00,-2.56195009e-01,-1.01501501e+00, 4.32006788e+00,
  9.08900000e+03,-9.64000006e-04,-7.02999998e-04, 1.01458895e+00, 7.94980004e-02,-4.50439006e-01, 5.34240723e+00,
  9.13900000e+03,-3.40600009e-03,-1.04689999e-02, 9.98475015e-01, 3.20399995e-03, 2.36205995e-01,-7.13928223e+00,
  9.18900000e+03,-3.40600009e-03, 1.05269998e-02, 9.93103981e-01, 2.42935205e+00,-6.00463915e+00,-3.49121004e-01,
  9.23900000e+03,-4.75999987e-04,-1.67999999e-03, 1.00580001e+00,-4.24041986e-01,-4.19921994e-01,-1.92077601e+00,
  9.28900000e+03,-1.12180002e-02,-1.67999999e-03, 9.95545983e-01, 6.74591005e-01,-6.33544981e-01,-4.40674007e-01,
  9.34000000e+03, 1.47699995e-03, 8.08599964e-03, 1.00384605e+00,-2.01095605e+00, 6.01928711e+00, 3.23490016e-02,
  9.39100000e+03, 1.47699995e-03, 2.73000012e-04, 1.00872898e+00,-1.26327503e+00, 2.57080102e+00,-1.82922399e+00,
  9.44100000e+03, 1.20000004e-05,-9.00399964e-03, 9.94081020e-01,-8.83480012e-02, 1.10595703e+00,-1.92077601e+00,
  9.49100000e+03, 6.84799999e-03,-1.67999999e-03, 1.00726402e+00, 5.83037972e-01,-4.96215999e-01, 1.90918005e+00,
  9.54100000e+03,-2.91700009e-03,-3.14499997e-03, 9.97498989e-01, 3.02444410e+00,-4.04662997e-01,-4.39449996e-02,
  9.59100000e+03, 1.96500006e-03, 5.15600014e-03, 9.99939978e-01, 1.84951794e+00, 5.92773390e+00, 4.90112007e-01,
  9.64100000e+03, 9.88999964e-04, 2.22699996e-03, 9.99451995e-01, 5.06744027e-01, 4.58496094e+00,-4.72839403e+00,
  9.69200000e+03,-1.45300000e-03, 6.62099989e-03, 9.86267984e-01,-1.67526197e+00, 2.67761302e+00, 1.16149902e+00,
  9.74200000e+03, 6.84799999e-03,-8.51599965e-03, 9.96034026e-01,-1.64642006e-01,-1.30005002e-01,-2.01232910e+00,
  9.79200000e+03,-5.84700005e-03,-3.63299996e-03, 1.00433505e+00,-1.76681495e+00, 2.28088403e+00, 2.35168505e+00,
  9.84300000e+03, 1.47699995e-03,-1.04689999e-02, 9.86756980e-01,-6.68182015e-01,-4.47875977e+00, 5.06774902e+00,
  9.89300000e+03, 2.45400006e-03,-3.63299996e-03, 9.87245023e-01, 3.52798390e+00,-8.40026855e+00, 6.45629883e+00,
  9.94400000e+03,-2.42900010e-03,-2.65599997e-03, 9.88220990e-01, 1.25442505e+00,-5.37110008e-02, 2.64160204e+00,
  9.99400000e+03, 1.20000004e-05, 2.73000012e-04, 1.00384605e+00,-1.01913404e+00, 3.73535007e-01,-2.65319800e+00,
  1.00440000e+04, 5.00000024e-04, 2.73000012e-04, 1.00433505e+00, 1.55791998e-01,-2.99865699e+00,-2.94311500e+00,
  1.00940000e+04,-4.75999987e-04, 5.15600014e-03, 9.98475015e-01,-8.83480012e-02,-4.95178223e+00, 3.38928199e+00,
  1.01440000e+04,-5.35900006e-03, 5.64499991e-03, 1.00433505e+00,-2.77389503e+00, 5.46997118e+00, 3.40454102e+00,
  1.01940000e+04,-2.91700009e-03,-2.65599997e-03, 1.00775301e+00,-1.26327503e+00, 1.70105004e+00,-3.49121004e-01,
  1.02460000e+04, 5.00000024e-04,-3.14499997e-03, 9.99939978e-01,-6.68182015e-01, 2.29614305e+00, 6.74621582e+00,
  1.02960000e+04,-9.64000006e-04, 4.18000016e-03, 9.95545983e-01, 6.74591005e-01, 1.50268602e+00, 1.14624000e+00,
  1.03460000e+04, 2.45400006e-03, 3.20299994e-03, 9.95545983e-01, 1.17813098e+00,-2.35778809e+00, 7.38708496e+00,
  1.03960000e+04, 1.96500006e-03,-1.67999999e-03, 1.00824106e+00,-5.76629996e-01,-4.21935987e+00,-8.98437023e-01,
  1.04460000e+04, 2.45400006e-03, 3.69099993e-03, 1.00970602e+00, 1.42227197e+00,-1.85424805e+00,-1.50757000e-01,
  1.04970000e+04, 4.40699980e-03,-4.60899994e-03, 9.86267984e-01, 1.51382399e+00,-1.97631800e+00, 3.00781202e+00,
  1.05480000e+04,-4.38199984e-03,-4.12099995e-03, 9.96034026e-01, 9.18731987e-01, 4.85961914e+00, 3.19091797e+00,
  1.05980000e+04,-4.75999987e-04, 5.64499991e-03, 9.91639018e-01,-7.59734988e-01, 6.76696777e+00, 6.88476980e-01,
  1.06480000e+04,-2.42900010e-03,-8.51599965e-03, 1.00921702e+00,-4.24041986e-01, 2.55554199e+00,-8.06885004e-01
 1.07480000e+04,-6.33500004e-03, 2.73000012e-04, 1.00189304e+00,-1.50741601e+00, 2.06726098e+00,-1.50757000e-01,
  1.07990000e+04, 5.00000024e-04, 9.55099985e-03, 9.97498989e-01, 1.25442505e+00,-5.37110008e-02,-5.09460402e+00,
  1.08490000e+04, 1.96500006e-03,-7.02999998e-04, 1.01214695e+00,-9.27582026e-01, 2.64709496e+00,-2.48535204e+00,
  1.09000000e+04,-9.64000006e-04, 3.69099993e-03, 1.00775301e+00,-1.33956897e+00, 2.00622606e+00,-6.37634277e+00,
  1.09500000e+04,-9.64000006e-04, 4.66800015e-03, 1.00921702e+00, 9.18731987e-01,-2.83081007e+00,-1.92077601e+00,
  1.10000000e+04, 8.31300020e-03,-5.09800017e-03, 9.88709986e-01,-4.24041986e-01,-1.76269495e+00, 1.23779297e+00,
  1.10510000e+04, 5.00000024e-04,-2.65599997e-03, 1.00189304e+00,-1.64642006e-01, 4.76806593e+00, 4.22851610e+00,
  1.11010000e+04,-2.42900010e-03,-2.65599997e-03, 9.95056987e-01,-1.43112195e+00, 6.61437988e+00,-4.80468702e+00,
  1.11510000e+04, 1.20000004e-05,-1.19099999e-03, 9.96522009e-01, 8.42437983e-01, 2.57080102e+00,-8.98437023e-01,
  1.12020000e+04, 1.96500006e-03,-7.02999998e-04, 9.95056987e-01,-4.24041986e-01, 2.37243700e+00,-3.04992700e+00,
  1.12520000e+04,-1.45300000e-03,-6.07400015e-03, 1.01019394e+00,-5.91888011e-01,-4.35180992e-01, 3.29772902e+00,
  1.13020000e+04,-4.38199984e-03, 2.73000012e-04, 1.00531101e+00, 1.34597802e+00,-3.22753906e+00,-1.08154297e+00,
  1.13530000e+04,-9.64000006e-04, 1.24999997e-03, 9.94569004e-01, 1.08657801e+00,-3.30383301e+00, 2.35168505e+00,
  1.14030000e+04,-1.45300000e-03,-6.56200014e-03, 9.95056987e-01,-2.11776805e+00, 8.53698826e+00,-2.74475098e+00,
  1.14530000e+04, 4.40699980e-03, 1.24999997e-03, 9.96034026e-01,-1.64642006e-01, 7.10266113e+00, 5.35766602e+00,
  1.15030000e+04,-5.78113019e-01, 1.34570003e-02, 8.03650975e-01, 6.88508606e+01, 3.76660156e+01,-1.75947266e+02,
  1.15540000e+04,-3.71569991e-01,-8.30293000e-01, 1.34075999e+00, 9.14321899e+00, 1.29935913e+02, 1.57747192e+02,
  1.16040000e+04, 2.39991403e+00,-2.84103489e+00,-1.71880996e+00,-3.04380798e+01,-2.48573608e+02,-2.49830322e+02,
  1.16560000e+04, 1.83605999e-01,-3.60565990e-01, 6.99159026e-01, 2.11366272e+01,-2.48573608e+02,-2.49830322e+02,
  1.17060000e+04, 9.19933975e-01,-2.19453007e-01, 1.96575999e+00,-2.85917664e+01, 2.51418762e+02,-2.49830322e+02,
  1.17570000e+04,-3.44226003e-01, 1.30691397e+00, 1.85003805e+00,-8.36149597e+01,-6.50817919e+00, 1.19005127e+02,
  1.18070000e+04, 5.40050983e-01,-2.83418000e-01, 1.42517999e-01,-3.09416199e+01, 1.99658203e+01,-2.21069288e+00,
  1.18570000e+04,-1.17664002e-01, 7.65897989e-01, 9.49647009e-01,-2.43193054e+01, 6.63372803e+01, 1.38841553e+02,
  1.19080000e+04, 5.42492986e-01, 5.53008020e-01, 1.28411996e+00, 5.17457581e+01, 9.11633301e+01,-2.23280029e+02,
  1.19590000e+04, 5.84972978e-01,-2.37519994e-01, 1.05267501e+00, 8.58644104e+01, 5.05902100e+01,-2.49830322e+02,
  1.20090000e+04, 6.87511981e-01, 4.56328005e-01, 1.16205001e+00,-2.17880297e+00, 1.96759033e+01,-4.81396484e+01,
  1.20590000e+04, 5.84484994e-01, 2.79082000e-01, 1.29242098e+00, 4.42842102e+01,-2.79467773e+01,-6.94714355e+01,
  1.21100000e+04, 9.02844012e-01, 4.22147989e-01, 1.14593601e+00,-2.07945251e+01,-1.49615479e+01, 1.78240967e+01,
  1.21610000e+04, 6.19153023e-01, 2.57598013e-01, 1.09613204e+00, 6.62551880e+00,-2.60089111e+01, 9.02117920e+01,
  1.22110000e+04,-2.04089001e-01, 1.78298795e+00, 9.26209986e-01,-3.92424011e+01, 1.22753906e+01, 1.40611572e+02,
  1.22620000e+04,-4.20397997e-01, 1.49490201e+00, 1.61029196e+00, 3.16194153e+01, 7.39361572e+01, 5.89172411e+00,
  1.23120000e+04, 8.22278023e-01, 3.60136986e-01, 1.10345602e+00,-1.10746775e+01,-3.79412842e+01,-6.25744629e+01,
  1.23620000e+04, 5.38586020e-01, 2.15116993e-01, 9.65272009e-01,-3.47868347e+01,-9.89562988e+00, 1.84205933e+02,
  1.24130000e+04, 4.89270002e-01,-4.56250012e-02, 9.71620023e-01, 1.25917063e+01,-2.15380859e+01,-3.47271729e+01,
  1.24640000e+04, 1.79700002e-01, 7.14628994e-01, 1.32171702e+00, 6.57685852e+01, 6.38958740e+01,-2.01566772e+02,
  1.25140000e+04, 9.35558975e-01, 4.90996003e-01, 1.23236203e+00, 2.17164612e+01, 1.04748545e+01,-1.97172241e+02,
  1.25650000e+04, 7.77356029e-01, 3.85527015e-01, 1.14398301e+00,-3.27116394e+01,-7.51525879e+00, 1.99876709e+02,
  1.26150000e+04, 6.06456995e-01, 2.19023004e-01, 1.10980296e+00, 7.70889282e+00, 1.33483899e+00,-6.07891846e+01,
  1.26650000e+04, 7.57825017e-01, 3.43046993e-01, 1.19232297e+00, 3.55714417e+01, 8.38440037e+00,-8.73547363e+01,
  1.27170000e+04, 7.93956995e-01, 3.85039002e-01, 1.23187399e+00,-1.24937439e+01,-1.82116699e+01, 6.57977295e+01,
  1.27670000e+04, 7.50500023e-01, 3.25468987e-01, 1.16107297e+00,-4.15922546e+01,-4.43957520e+01, 6.86968994e+01,
  1.28170000e+04, 6.09386981e-01, 2.22441003e-01, 1.07562399e+00,-3.74723816e+01,-1.97070312e+01, 1.48897095e+02,
  1.28680000e+04, 5.51281989e-01, 1.72148004e-01, 1.07806504e+00,-1.90397644e+01,-9.48364258e+00, 6.70184326e+01,
  1.29180000e+04, 3.62805009e-01, 7.88870007e-02, 1.06097496e+00, 6.42427063e+01, 5.36267090e+01,-1.95798950e+02,
  1.29680000e+04, 9.54114020e-01, 5.01738012e-01, 1.20013499e+00, 3.38777161e+01, 2.53369141e+01,-2.00727539e+02,
  1.30200000e+04, 7.55872011e-01, 3.70878994e-01, 1.19085801e+00,-2.34037781e+01,-6.11145020e+00, 1.08751221e+02,
  1.30700000e+04, 6.74817026e-01, 2.88358986e-01, 1.10687399e+00, 3.52798390e+00, 1.01544189e+01,-8.07006931e+00,
  1.31200000e+04, 7.78331995e-01, 3.81132990e-01, 1.19232297e+00, 2.42341614e+01, 1.39996338e+01,-1.08137207e+02,
  1.31710000e+04, 8.45714986e-01, 4.42167997e-01, 1.14007699e+00, 4.15192008e-01,-9.46838379e+00, 4.96093702e+00,
  1.32210000e+04, 7.55872011e-01, 3.68925989e-01, 1.18646395e+00,-6.83440983e-01,-6.03026986e-01,-1.31817627e+01,
  1.32720000e+04, 8.30089986e-01, 4.30938005e-01, 1.18255699e+00, 2.26150489e+00, 1.31957996e+00,-2.39086914e+01,
  1.33220000e+04, 8.15930009e-01, 4.24589992e-01, 1.17572105e+00,-8.83480012e-02,-5.71472216e+00,-7.88696289e+00,
  1.33730000e+04, 8.22278023e-01, 4.30938005e-01, 1.16009605e+00, 6.12197924e+00,-4.47875977e+00,-9.38232517e+00,
  1.34230000e+04, 8.20813000e-01, 4.37772989e-01, 1.15277195e+00, 6.12197924e+00,-6.98120117e+00,-1.27990699e+00,
  1.34730000e+04, 8.27161014e-01, 4.32402015e-01, 1.17474496e+00, 1.18287659e+01,-3.88366699e+00,-1.95294189e+01,
  1.35230000e+04, 8.33508015e-01, 4.47539002e-01, 1.19378805e+00, 2.10891700e+00, 7.91137600e+00,-3.49121004e-01,
  1.35740000e+04, 8.34484994e-01, 4.57792997e-01, 1.18548703e+00, 1.92581201e+00, 4.58496094e+00,-7.52075195e+00,
  1.36250000e+04, 8.35950017e-01, 4.66093987e-01, 1.17816305e+00,-7.59734988e-01, 3.41003394e+00,-8.81774902e+00,
  1.36750000e+04, 8.41808975e-01, 4.78300989e-01, 1.18060398e+00, 1.08657801e+00,-6.78283691e+00,-1.15185547e+01,
  1.37590000e+05, 6.93400018e-03,-4.92300000e-03, 1.00175703e+00, 3.49304199e+00, 5.91369581e+00,-2.14732361e+01,
  6.41000000e+02,-3.55469994e-02,-4.15440015e-02, 9.99315023e-01, 1.81457496e+00,-1.01379395e+00,-6.38229418e+00,
  6.91000000e+02,-2.38279998e-02,-2.88490001e-02, 9.92479026e-01, 3.82873511e+00, 5.62377882e+00,-2.69664001e+01,
  7.41000000e+02,-2.43159998e-02,-1.76180005e-02, 1.01298702e+00, 1.64672804e+00, 7.07336378e+00,-1.59800720e+01,
  7.91000000e+02,-3.06640007e-02,-3.12899984e-02, 1.03300703e+00, 5.27831984e+00, 1.82434106e+00,-2.44487000e+01,
  8.41000000e+02,-2.18749996e-02,-3.71499993e-02, 1.01347494e+00, 6.77368116e+00,-2.26501489e+00, 5.14679015e-01,
  8.92000000e+02,-3.55469994e-02,-3.56849991e-02, 1.00224495e+00, 5.43090820e+00, 2.72460890e+00,-3.28410339e+01,
  9.43000000e+02,-1.01560000e-02,-1.17589999e-02, 1.00517499e+00, 2.65380907e+00, 5.63903809e+00,-2.13664246e+01,
  9.93000000e+02,-3.65229994e-02,-6.54700026e-02, 9.98338997e-01,-4.97558594e+00, 1.05371103e+01,-2.31517029e+01,
  1.04300000e+03,-3.11520007e-02,-3.47080007e-02, 1.00077999e+00, 1.92138696e+00, 1.58776875e+01,-4.49412537e+01,
  1.09300000e+03, 2.30470002e-02, 2.09560003e-02, 9.65134978e-01,-2.36633301e+00,-1.10534704e+00,-7.31307983e+00,
  1.14300000e+03,-4.67769988e-02,-5.27749993e-02, 9.91503000e-01, 3.41674805e+00,-3.60778809e+00,-3.58993602e+00,
  1.19300000e+03,-2.23629996e-02,-4.15440015e-02, 1.00322104e+00, 5.27831984e+00,-8.61205995e-01,-1.34623718e+01,
  1.24500000e+03,-5.26369996e-02,-4.69149984e-02, 9.88084972e-01, 9.87121582e+00,-1.24731445e+01, 2.01004004e+00,
  1.29500000e+03,-6.09380007e-02,-4.39860001e-02, 1.01445198e+00, 9.44396973e+00, 2.83142090e+00,-3.24595642e+01,
  1.34500000e+03,-2.18749996e-02,-4.69149984e-02, 9.93943989e-01, 7.85705519e+00,-1.31896996e+00,-9.63241577e+00,
  1.39500000e+03,-3.79879996e-02,-4.39860001e-02, 9.92967010e-01, 3.49304199e+00, 5.22705078e+00,-1.77500916e+01,
  1.44500000e+03,-2.96880007e-02,-4.74039987e-02, 9.89549994e-01, 2.91320801e+00, 8.03466797e+00,-2.18394470e+01,
  1.49600000e+03,-3.26169990e-02,-4.44739982e-02, 9.94431973e-01, 3.32519507e+00, 5.31860304e+00,-1.89555359e+01,
  1.54700000e+03,-4.04299982e-02,-5.86340018e-02, 9.86132026e-01, 3.49304199e+00, 4.35729980e+00,-2.22209167e+01,
  1.59700000e+03,-2.82230005e-02,-3.37320007e-02, 9.92967010e-01, 3.75244093e+00, 6.00524902e+00,-1.91386414e+01,
  1.64700000e+03,-4.33590002e-02,-5.32630011e-02, 1.00077999e+00, 5.50720215e+00, 4.26574707e+00,-2.50132751e+01,
  1.69700000e+03,-3.40819992e-02,-3.08020003e-02, 9.94431973e-01, 9.75341976e-01, 1.00036597e+00,-1.87724304e+01,
  1.74700000e+03,-4.33590002e-02,-4.25209999e-02, 9.92967010e-01, 3.24890089e+00, 3.70117211e+00,-2.10917664e+01,
  1.79800000e+03,-1.94339994e-02,-3.22670005e-02, 9.83201981e-01, 5.67504787e+00, 4.58618212e+00,-2.64781189e+01,
  1.84900000e+03,-3.31050009e-02,-3.95909995e-02, 9.84178007e-01, 3.82873511e+00, 5.63903809e+00,-1.52171326e+01,
  1.89900000e+03,-1.84569992e-02,-3.61730009e-02, 1.00029194e+00, 4.66796780e+00,-3.62304711e+00,-2.72410583e+01,
  1.94900000e+03,-3.55469994e-02,-4.15440015e-02, 9.97362018e-01, 3.75244093e+00, 3.70117211e+00,-1.90470886e+01,
  1.99900000e+03,-1.94339994e-02,-3.12899984e-02, 9.93943989e-01, 3.64562988e+00, 3.71643090e+00,-2.16410828e+01,
  2.05000000e+03,-2.08979994e-02,-3.86149995e-02, 1.00712800e+00, 4.34753418e+00, 3.65539503e+00,-1.67124939e+01,
  2.10100000e+03,-2.23629996e-02,-3.76380011e-02, 1.00322104e+00, 4.92736816e+00,-6.17065012e-01,-2.26634216e+01,
  2.15100000e+03,-3.11520007e-02,-2.44539995e-02, 9.84178007e-01, 7.31200993e-01,-8.15429986e-01,-3.39157104e+00,
  2.20100000e+03,-5.70309982e-02,-5.71690015e-02, 9.81248975e-01, 5.58349609e+00, 1.70227003e+00,-1.35386658e+01,
  2.25100000e+03,-3.84769998e-02,-4.30090018e-02, 9.96384978e-01, 2.91320801e+00, 4.20531988e-01,-1.30809031e+01,
  2.30100000e+03,-3.89650017e-02,-4.69149984e-02, 9.80271995e-01, 3.66088891e+00, 9.08752537e+00,-1.42100534e+01,
  2.35200000e+03,-4.92190011e-02,-6.25400022e-02, 9.99315023e-01, 4.16442823e+00, 2.37365699e+00,-2.74241638e+01,
  2.40300000e+03,-4.92190011e-02,-4.78920005e-02, 9.87595975e-01, 2.24182105e+00, 4.35790986e-01,-2.41740417e+01,
  2.45300000e+03,-5.99609986e-02,-3.91030014e-02, 1.00761604e+00, 6.95678711e+00, 5.19653320e+00,-2.63102722e+01,
  2.50300000e+03,-2.72460002e-02,-3.12899984e-02, 1.00077999e+00, 7.17041016e+00, 2.37365699e+00,-2.62950134e+01,
  2.55300000e+03,-3.67089987e-01, 3.76424998e-01, 1.01786995e+00,-1.09417734e+01, 1.84411621e+01,-2.57456970e+01,
  2.60400000e+03,-2.08979994e-02,-2.73839999e-02, 1.02763605e+00,-2.04937744e+01,-8.62792969e+00, 3.41450500e+01,
  2.65500000e+03,-1.40038997e-01,-1.43594995e-01, 8.11326981e-01,-6.22680712e+00, 6.00671387e+01, 7.20631409e+01,
  2.70500000e+03, 4.99019995e-02,-1.02939997e-02, 9.87595975e-01, 5.67504787e+00, 2.02722168e+01,-5.44322205e+01,
  2.75500000e+03,-1.10742003e-01,-1.93399996e-01, 9.98338997e-01,-1.50311279e+01, 2.27288818e+01, 5.43629456e+01,
  2.80500000e+03,-1.29297003e-01,-5.29000012e-04, 9.53904986e-01, 8.99047971e-01, 6.87500000e+00,-4.61619568e+01,
  2.85500000e+03,-1.79590002e-01,-3.47080007e-02, 9.51463997e-01,-2.19848609e+00, 3.12133789e+00,-2.19309998e+01,
  2.90700000e+03,-7.60739967e-02,-1.00625999e-01, 1.01640499e+00, 1.11224365e+01,-2.75329590e+00,-3.24595642e+01,
  2.95700000e+03,-9.16989967e-02,-1.07461996e-01, 1.01738203e+00, 4.50012207e+00, 7.53112793e+00,-2.82633972e+01,
  3.00700000e+03,-6.87500015e-02,-8.54900032e-02, 1.00859296e+00,-7.79419005e-01, 4.49462891e+00,-1.53086863e+01,
  3.05700000e+03,-1.89355001e-01,-8.15830007e-02, 1.06767499e+00,-1.92272949e+01, 3.36846924e+01, 4.74659729e+01,
  3.10700000e+03,-1.34667993e-01,-1.59219995e-01, 9.83201981e-01, 5.76660109e+00, 5.63903809e+00,-4.16758728e+01,
  3.15900000e+03,-7.94920027e-02,-1.23086996e-01, 9.92479026e-01,-4.13635302e+00, 6.18896008e-01, 1.41255188e+01,
  3.20900000e+03,-1.41992003e-01,-1.68008998e-01, 9.49021995e-01,-2.96142602e+00,-2.37182593e+00, 1.70094299e+01,
  3.25900000e+03,-1.51270002e-01,-1.65078998e-01, 9.90526021e-01, 6.51428223e+00,-4.17236280e+00,-2.14579773e+01,
  3.30900000e+03,-1.72754005e-01,-1.97794005e-01, 9.87595975e-01,-2.62573195e+00, 8.88916111e+00, 3.10780334e+01,
  3.35900000e+03,-1.74218997e-01,-1.85587004e-01, 9.62693989e-01, 8.94042969e+00,-4.93530321e+00,-2.87211609e+01,
  3.41000000e+03,-1.77147999e-01,-2.00235993e-01, 9.62206006e-01, 4.42382812e+00,-3.91296411e+00,-3.20846605e+00,
  3.46100000e+03,-2.06934005e-01,-2.17325002e-01, 9.69042003e-01, 3.92028809e+00, 1.79382300e+00,-1.80094891e+01,
  3.51100000e+03,-1.84961006e-01,-2.00235993e-01, 9.75878000e-01, 6.08703613e+00,-4.93530321e+00,-2.23887634e+01,
  3.56100000e+03,-1.76660001e-01,-2.04630002e-01, 9.69042003e-01, 3.66088891e+00, 1.21398902e+00,-1.09294128e+01,
  3.61100000e+03,-1.96190998e-01,-2.10001007e-01, 9.62206006e-01, 4.94262600e+00,-2.81372011e-01,-1.46678171e+01,
  3.66200000e+03,-1.84472993e-01,-1.99258998e-01, 9.61717010e-01, 3.49304199e+00, 7.25708008e-01,-2.10917664e+01,
  3.71300000e+03,-1.98145002e-01,-2.06582993e-01, 9.59764004e-01, 2.91320801e+00, 2.84667993e+00,-2.17326355e+01,
  3.76300000e+03,-1.95215002e-01,-2.03654006e-01, 9.68065023e-01, 5.59875393e+00,-3.60778809e+00,-1.69108582e+01,
  3.81300000e+03,-2.01563001e-01,-2.07072005e-01, 9.73435998e-01, 4.59167385e+00, 7.45483398e+00,-1.36454782e+01,
  3.86300000e+03,-1.86913997e-01,-2.13419005e-01, 9.48046029e-01, 4.50012207e+00, 6.47827101e+00,-1.75517273e+01,
  3.91300000e+03,-1.98145002e-01,-2.18789995e-01, 9.55370009e-01, 3.84399390e+00,-2.11242700e+00,-1.57817078e+01,
  3.96400000e+03,-1.94238007e-01,-2.12442994e-01, 9.58787978e-01, 4.74426222e+00, 1.61133006e-01,-2.22056561e+01,
  4.01500000e+03,-1.93749994e-01,-2.11953998e-01, 9.63181973e-01, 4.42382812e+00,-1.02905297e+00,-1.68040466e+01,
  4.06500000e+03,-1.98145002e-01,-2.12931007e-01, 9.62693989e-01, 7.01782179e+00, 3.51806593e+00,-1.89555359e+01,
  4.11500000e+03,-1.96190998e-01,-2.09512994e-01, 9.66112018e-01, 2.57751489e+00, 1.18347204e+00,-1.93217468e+01,
  4.16500000e+03,-2.04980001e-01,-2.24160999e-01, 9.41209972e-01, 4.83581495e+00, 7.82104492e+00,-2.38993835e+01,
  4.21600000e+03,-1.94238007e-01,-2.12442994e-01, 9.57323015e-01, 2.57751489e+00, 9.56054688e+00,-1.70024109e+01,
  4.26700000e+03,-2.03516006e-01,-2.16837004e-01, 9.68553007e-01, 2.82165504e+00, 3.12133789e+00,-1.70939636e+01,
  4.31700000e+03,-1.91797003e-01,-2.07560003e-01, 9.56345975e-01, 6.27014112e+00, 7.25708008e-01,-1.97032166e+01,
  4.36700000e+03,-2.06444994e-01,-2.14396000e-01, 9.68065023e-01, 4.83581495e+00, 8.93554986e-01,-2.02525311e+01,
  4.41700000e+03,-1.97167993e-01,-2.11953998e-01, 9.50975001e-01, 4.42382812e+00, 6.58508301e+00,-2.26786804e+01,
  4.46800000e+03,-1.97656006e-01,-2.14883998e-01, 9.56345975e-01, 3.66088891e+00, 2.43469191e+00,-2.39909363e+01,
  4.51800000e+03,-2.02538997e-01,-2.09024996e-01, 9.58299994e-01, 7.01782179e+00, 4.95239305e+00,-1.14939880e+01,
  4.56900000e+03,-2.07422003e-01,-2.12931007e-01, 9.59764004e-01, 3.82873511e+00, 3.51806593e+00,-2.03440857e+01,
  4.61900000e+03,-2.06934005e-01,-2.18301997e-01, 9.71970975e-01, 1.90612805e+00, 4.29626513e+00,-1.58580017e+01,
  4.66900000e+03,-2.04004005e-01,-2.16349006e-01, 9.62206006e-01, 4.59167385e+00,-2.15820289e+00,-1.26231394e+01,
  4.71900000e+03,-2.06934005e-01,-2.19767004e-01, 9.53904986e-01, 4.59167385e+00, 2.95349097e+00,-1.77348328e+01,
  4.77000000e+03,-2.05956995e-01,-2.12442994e-01, 9.63181973e-01, 4.40856886e+00, 7.95837402e+00,-2.37773132e+01,
  4.82000000e+03,-1.96190998e-01,-2.23673001e-01, 9.51463997e-01, 4.75952101e+00, 6.20361280e+00,-1.78416443e+01,
  4.87100000e+03,-1.96679994e-01,-2.24160999e-01, 9.66600001e-01, 5.33935499e+00, 2.92297411e+00,-1.46678171e+01,
  4.92100000e+03,-2.02538997e-01,-2.19279006e-01, 9.49509978e-01, 1.64672804e+00, 7.14965820e+00,-1.30809031e+01,
  4.97100000e+03,-2.09863007e-01,-2.19279006e-01, 9.56345975e-01, 1.81457496e+00, 3.70117211e+00,-2.66917419e+01,
  5.02200000e+03,-2.07910001e-01,-2.23185003e-01, 9.79296029e-01, 3.92028809e+00, 5.25756788e+00,-1.50187693e+01,
  5.07200000e+03,-2.01563001e-01,-2.40274996e-01, 9.52440023e-01, 5.00366211e+00, 7.40966976e-01,-1.08378611e+01,
  5.12300000e+03,-2.06934005e-01,-2.28556007e-01, 9.60740983e-01, 2.98950195e+00, 3.04504395e+00,-1.89402771e+01,
  5.17300000e+03,-2.04492003e-01,-2.20743001e-01, 9.70995009e-01, 2.24182105e+00, 5.30334520e+00,-1.37370300e+01,
  5.22300000e+03,-2.08397999e-01,-2.22207993e-01, 9.61717010e-01, 3.66088891e+00, 4.46411085e+00,-1.68040466e+01,
  5.27400000e+03,-2.06444994e-01,-2.28556007e-01, 9.53417003e-01, 4.42382812e+00, 5.92895508e+00,-2.14579773e+01,
  5.32400000e+03,-2.02538997e-01,-2.31974006e-01, 9.66112018e-01, 5.67504787e+00, 1.04455566e+01,-2.24803162e+01,
  5.37400000e+03,-2.03026995e-01,-2.18301997e-01, 9.54882026e-01, 4.75952101e+00, 3.10607910e+00,-1.70939636e+01,
  5.42500000e+03,-2.13770002e-01,-2.18789995e-01, 9.67576981e-01, 7.50610304e+00, 1.03088403e+00,-1.26994333e+01,
  5.47500000e+03,-2.09374994e-01,-2.16349006e-01, 9.67088997e-01, 5.76660109e+00, 1.76330602e+00,-1.35539246e+01,
  5.52600000e+03,-2.04492003e-01,-2.29044005e-01, 9.71970975e-01, 2.56225610e+00, 6.99706984e+00,-1.75364685e+01,
  5.57600000e+03,-2.04980001e-01,-2.26115003e-01, 9.62206006e-01, 5.43090820e+00, 4.66247606e+00,-1.70939636e+01,
  5.62600000e+03,-2.16211006e-01,-2.26603001e-01, 9.66112018e-01, 3.32519507e+00, 2.34313989e+00,-2.31517029e+01,
  5.67700000e+03,-1.92772999e-01,-2.28067994e-01, 9.62693989e-01, 4.08813381e+00,-1.21215796e+00,-1.65293884e+01,
  5.72700000e+03,-2.04492003e-01,-2.26603001e-01, 9.52440023e-01, 2.74536109e+00, 6.56982422e+00,-1.77500916e+01,
  5.77700000e+03,-2.02538997e-01,-2.19767004e-01, 9.64646995e-01, 5.91918898e+00, 6.21887207e+00,-1.68955994e+01,
  5.82800000e+03,-2.12304994e-01,-2.16349006e-01, 9.51463997e-01, 4.33227491e+00,-2.24975610e+00,-1.68955994e+01,
  5.87800000e+03,-2.06444994e-01,-2.24649996e-01, 9.57810998e-01, 4.66796780e+00, 6.09680223e+00,-2.13816833e+01,
  5.92800000e+03,-2.11815998e-01,-2.20743001e-01, 9.69042003e-01, 3.82873511e+00, 4.28100586e+00,-2.41740417e+01,
  5.97900000e+03,-2.05956995e-01,-2.28067994e-01, 9.68065023e-01, 4.25598097e+00, 6.11206102e+00,-1.53239450e+01,
  6.02900000e+03,-2.02050999e-01,-2.30508998e-01, 9.66112018e-01, 6.34643507e+00, 4.51050013e-01,-1.93980408e+01,
  6.08000000e+03,-2.01563001e-01,-2.15860993e-01, 9.63181973e-01, 3.41674805e+00, 4.47937012e+00,-2.37925720e+01,
  6.13000000e+03,-2.13770002e-01,-2.19279006e-01, 9.69529986e-01, 6.60583401e+00,-3.33312988e+00,-1.28977966e+01,
  6.18000000e+03,-2.10840002e-01,-2.20743001e-01, 9.65134978e-01, 5.59875393e+00, 3.90620008e-02,-2.04508972e+01,
  6.23100000e+03,-2.13770002e-01,-2.23673001e-01, 9.57323015e-01, 3.49304199e+00, 8.32458496e+00,-1.76432800e+01,
  6.28100000e+03,-2.14258000e-01,-2.16837004e-01, 9.53904986e-01, 2.57751489e+00, 1.13000488e+01,-1.82078552e+01,
  6.33200000e+03,-2.09374994e-01,-2.24649996e-01, 9.55370009e-01, 1.64672804e+00,-1.77673304e+00,-1.91386414e+01,
  6.38200000e+03,-2.06444994e-01,-2.16349006e-01, 9.67576981e-01, 4.66796780e+00, 4.55566406e+00,-1.85740662e+01,
  6.43200000e+03,-2.05956995e-01,-2.25626007e-01, 9.58787978e-01, 4.08813381e+00, 4.54040480e+00,-1.78416443e+01,
  6.48200000e+03,-2.08397999e-01,-2.19767004e-01, 9.68553007e-01, 2.48596191e+00, 5.80688477e+00,-2.00694275e+01,
  6.53300000e+03,-2.02538997e-01,-2.24649996e-01, 9.57810998e-01, 3.41674805e+00, 1.06286631e+01,-1.89555359e+01,
  6.58400000e+03,-2.13281006e-01,-2.25626007e-01, 9.50975001e-01, 2.30285597e+00, 6.34154975e-01,-1.63310242e+01,
  6.63400000e+03,-2.02538997e-01,-2.21719995e-01, 9.45115983e-01, 4.08813381e+00, 1.34057617e+01,-2.20225525e+01,
  6.68400000e+03,-2.18163997e-01,-2.26115003e-01, 9.55857992e-01, 5.33935499e+00, 1.54968297e+00,-1.82078552e+01,
  6.73400000e+03,-2.16699004e-01,-2.19767004e-01, 9.60253000e-01, 3.58459496e+00, 4.37255907e+00,-2.52879333e+01,
  6.78500000e+03,-2.08886996e-01,-2.14396000e-01, 9.69042003e-01, 2.98950195e+00,-5.40772021e-01,-1.82078552e+01,
  6.83600000e+03,-2.08397999e-01,-2.18789995e-01, 9.57323015e-01, 4.92736816e+00, 1.77856398e+00,-1.87724304e+01,
  6.88600000e+03,-2.02050999e-01,-2.14396000e-01, 9.69042003e-01, 3.58459496e+00, 1.01562500e+00,-1.97032166e+01,
  6.93600000e+03,-2.04492003e-01,-2.20743001e-01, 9.71970975e-01, 4.40856886e+00, 4.40307617e+00,-2.08934021e+01,
  6.98600000e+03,-2.02538997e-01,-2.28067994e-01, 9.54393029e-01, 5.00366211e+00, 4.35790986e-01,-1.72770691e+01,
  7.03600000e+03,-2.07910001e-01,-2.19279006e-01, 9.59276021e-01, 5.09521389e+00, 3.21289110e+00,-2.46318054e+01,
  7.08700000e+03,-2.05956995e-01,-2.24160999e-01, 9.58787978e-01, 5.67504787e+00, 4.26574707e+00,-2.11833191e+01,
  7.13800000e+03,-2.07422003e-01,-2.24649996e-01, 9.47556973e-01, 5.67504787e+00,-3.72309983e-02,-1.87571716e+01,
  7.18800000e+03,-2.14258000e-01,-2.28067994e-01, 9.55370009e-01, 4.16442823e+00,-2.15820289e+00,-1.89555359e+01,
  7.23800000e+03,-2.04004005e-01,-2.21231997e-01, 9.51951981e-01, 2.15026903e+00,-2.76855493e+00,-2.01609802e+01,
  7.28800000e+03,-2.08397999e-01,-2.21719995e-01, 9.66112018e-01, 7.94860792e+00, 2.64831495e+00,-2.17478943e+01,
  7.33900000e+03,-2.06934005e-01,-2.18789995e-01, 9.51463997e-01, 4.10339308e+00, 3.94531202e+00,-2.37010193e+01,
  7.39000000e+03,-2.09863007e-01,-2.22207993e-01, 9.59764004e-01, 4.92736816e+00, 4.20531988e-01,-1.78416443e+01,
  7.44000000e+03,-2.04980001e-01,-2.21231997e-01, 9.53417003e-01, 5.67504787e+00, 6.00524902e+00,-1.29893503e+01,
  7.49000000e+03,-2.04492003e-01,-2.27090999e-01, 9.64646995e-01, 6.01074219e+00,-8.00171018e-01,-1.95048523e+01,
  7.54000000e+03,-2.07910001e-01,-2.27578998e-01, 9.53904986e-01, 3.92028809e+00, 1.48864698e+00,-2.03440857e+01,
  7.59000000e+03,-2.08886996e-01,-2.24160999e-01, 9.69529986e-01, 5.43090820e+00, 8.93554986e-01,-2.21141052e+01,
  7.64100000e+03,-2.15722993e-01,-2.22207993e-01, 9.68065023e-01, 5.26306105e+00, 1.97692895e+00,-2.32432556e+01
 7.74200000e+03,-2.03516006e-01,-2.21719995e-01, 9.73435998e-01, 5.15625000e+00, 3.80798292e+00,-1.92149353e+01,
  7.79200000e+03,-2.12792993e-01,-2.18301997e-01, 9.74412978e-01, 4.50012207e+00,-3.57665986e-01,-1.70939636e+01,
  7.84200000e+03,-2.17188001e-01,-2.26115003e-01, 9.67088997e-01, 6.19384718e+00,-3.45519996e+00,-1.97032166e+01,
  7.89200000e+03,-2.07422003e-01,-2.21719995e-01, 9.75389004e-01, 3.58459496e+00, 4.38781691e+00,-1.95964050e+01,
  7.94400000e+03,-2.13281006e-01,-2.21719995e-01, 9.56345975e-01, 2.57751489e+00, 2.28210402e+00,-2.16410828e+01,
  7.99400000e+03,-2.11328000e-01,-2.29044005e-01, 9.48046029e-01, 3.75244093e+00, 4.20531988e-01,-2.27702332e+01,
  8.04400000e+03,-2.11815998e-01,-2.23673001e-01, 9.67576981e-01, 4.25598097e+00, 2.81616211e+00,-1.19670115e+01,
  8.09400000e+03,-2.06934005e-01,-2.27090999e-01, 9.67576981e-01, 2.50122094e+00, 7.60742188e+00,-2.11833191e+01,
  8.14400000e+03,-2.01563001e-01,-2.19767004e-01, 9.64646995e-01, 4.59167385e+00, 1.09191895e+00,-1.83909607e+01,
  8.19600000e+03,-2.09374994e-01,-2.23673001e-01, 9.53904986e-01, 1.40258801e+00, 9.28588867e+00,-1.89555359e+01,
  8.24600000e+03,-2.11328000e-01,-2.22207993e-01, 9.58299994e-01, 5.50720215e+00, 6.85974121e+00,-1.65293884e+01,
  8.29600000e+03,-2.11328000e-01,-2.22207993e-01, 9.58299994e-01, 5.33935499e+00, 7.65319777e+00,-1.16007996e+01,
  8.34600000e+03,-2.06934005e-01,-2.16349006e-01, 9.69042003e-01, 2.24182105e+00, 8.20251465e+00,-1.60716248e+01,
  8.39600000e+03,-2.02538997e-01,-2.19279006e-01, 9.58787978e-01, 5.59875393e+00, 2.08374000e+00,-1.95964050e+01,
  8.44600000e+03,-2.16699004e-01,-2.12931007e-01, 9.53904986e-01, 3.95507991e-01, 4.57092285e+00,-2.51048279e+01,
  8.49800000e+03,-2.04980001e-01,-2.11953998e-01, 9.67088997e-01, 3.95507991e-01, 5.88379025e-01,-1.56901550e+01,
  8.54800000e+03,-2.11328000e-01,-2.17813998e-01, 9.63671029e-01, 3.49304199e+00, 5.12085021e-01,-1.69108582e+01,
  8.59800000e+03,-2.02538997e-01,-2.22207993e-01, 9.61717010e-01, 3.99658203e+00, 5.04394484e+00,-1.43931580e+01,
  8.64800000e+03,-2.04004005e-01,-2.19767004e-01, 9.59276021e-01, 3.15734911e+00, 3.39599609e+00,-1.28062439e+01,
  8.69800000e+03,-2.16699004e-01,-2.23185003e-01, 9.57810998e-01, 2.65380907e+00, 1.32080102e+00,-2.05271912e+01,
  8.75000000e+03,-2.02538997e-01,-2.21231997e-01, 9.63671029e-01, 4.33227491e+00, 4.17419386e+00,-1.84825134e+01,
  8.80000000e+03,-2.14258000e-01,-2.23185003e-01, 9.77831006e-01, 4.33227491e+00, 8.78234863e+00,-1.50340281e+01,
  8.85000000e+03,-2.04980001e-01,-2.12931007e-01, 9.55857992e-01, 3.49304199e+00, 6.78344679e+00,-2.24955750e+01,
  8.90000000e+03,-2.10840002e-01,-2.21231997e-01, 9.73435998e-01, 4.08813381e+00,-4.33959991e-01,-1.99778748e+01,
  8.95000000e+03,-2.07422003e-01,-2.25626007e-01, 9.42674994e-01, 5.17150784e+00, 1.45873994e-01,-1.21501160e+01,
  9.00100000e+03,-2.08886996e-01,-2.25626007e-01, 9.66600001e-01, 6.43798780e+00, 1.56494105e+00,-1.63462811e+01,
  9.05200000e+03,-2.07910001e-01,-2.21231997e-01, 9.59764004e-01, 3.66088891e+00, 4.06738281e+00,-2.24040222e+01,
  9.10200000e+03,-2.07422003e-01,-2.22207993e-01, 9.64646995e-01, 3.41674805e+00, 1.19872999e+00,-2.24955750e+01,
  9.15200000e+03,-2.11328000e-01,-2.17813998e-01, 9.62206006e-01, 4.83581495e+00, 6.96655321e+00,-1.55070496e+01,
  9.20200000e+03,-1.92285001e-01,-2.23185003e-01, 9.57810998e-01, 5.67504787e+00,-2.44812012e+00,-1.81163025e+01,
  9.25200000e+03,-1.99120998e-01,-2.16349006e-01, 9.58787978e-01, 5.59875393e+00,-8.15429986e-01,-1.35539246e+01,
  9.30400000e+03,-2.03516006e-01,-2.24160999e-01, 9.68065023e-01, 5.67504787e+00,-3.27147990e-01,-1.74449158e+01,
  9.35400000e+03,-2.06934005e-01,-2.28067994e-01, 9.58787978e-01, 4.75952101e+00, 8.67553806e+00,-1.91386414e+01,
  9.40400000e+03,-2.03516006e-01,-2.20743001e-01, 9.58299994e-01, 3.66088891e+00,-1.47155797e+00,-1.76280212e+01,
  9.45400000e+03,-2.04492003e-01,-2.22207993e-01, 9.56345975e-01, 3.49304199e+00,-3.11950707e+00,-2.10002136e+01,
  9.50400000e+03,-1.98633000e-01,-2.23185003e-01, 9.46581006e-01, 3.15734911e+00,-2.84484911e+00,-1.78416443e+01,
  9.55500000e+03,-2.01563001e-01,-2.21231997e-01, 9.57810998e-01, 2.98950195e+00,-2.28027296e+00,-1.77500916e+01,
  9.60600000e+03,-1.93749994e-01,-2.17813998e-01, 9.66600001e-01, 5.32409620e+00,-1.66992199e+00,-1.96879578e+01,
  9.65600000e+03,-2.04004005e-01,-2.25626007e-01, 9.66112018e-01, 1.58569300e+00, 4.90661621e+00,-1.37370300e+01,
  9.70600000e+03,-2.07422003e-01,-2.26115003e-01, 9.60253000e-01, 3.34045410e+00, 4.99816895e+00,-2.08171082e+01,
  9.75600000e+03,-1.99608997e-01,-2.23185003e-01, 9.54393029e-01, 4.66796780e+00, 5.80688477e+00,-1.29893503e+01,
  9.80700000e+03,-2.09863007e-01,-2.14883998e-01, 9.64159012e-01, 3.82873511e+00,-2.66174293e+00,-1.92301941e+01,
  9.85800000e+03,-2.04004005e-01,-2.15860993e-01, 9.52440023e-01, 6.17858791e+00, 7.40966976e-01,-2.20072937e+01,
  9.90800000e+03,-2.04004005e-01,-2.26603001e-01, 9.50487018e-01, 2.98950195e+00, 9.27062988e+00,-2.53794861e+01,
  9.95800000e+03,-2.03516006e-01,-2.15860993e-01, 9.57323015e-01, 4.16442823e+00,-5.16418505e+00,-2.57609558e+01,
  1.00080000e+04,-2.13281006e-01,-2.16837004e-01, 9.66112018e-01, 3.92028809e+00, 3.10607910e+00,-1.84825134e+01,
  1.00590000e+04,-2.04004005e-01,-2.28067994e-01, 9.66112018e-01, 3.56933594e+00,-4.55383301e+00,-1.79179382e+01,
  1.01090000e+04,-1.93261996e-01,-2.25626007e-01, 9.67088997e-01, 1.81457496e+00, 5.53222704e+00,-1.53239450e+01,
  1.01600000e+04,-1.94238007e-01,-2.27090999e-01, 9.58787978e-01, 3.82873511e+00, 3.68591309e+00,-1.64378357e+01,
  1.02100000e+04,-2.04004005e-01,-2.17325002e-01, 9.67088997e-01, 4.33227491e+00, 5.04394484e+00,-1.63462811e+01,
  1.02600000e+04,-1.98633000e-01,-2.19767004e-01, 9.68065023e-01, 5.58349609e+00,-9.98534977e-01,-1.39964304e+01,
  1.03110000e+04,-1.97656006e-01,-2.17813998e-01, 9.54882026e-01, 3.99658203e+00, 3.39599609e+00,-2.35179138e+01,
  1.03610000e+04,-2.03026995e-01,-2.19767004e-01, 9.66600001e-01, 6.43798780e+00,-1.41052198e+00,-1.43931580e+01,
  1.04120000e+04,-2.01563001e-01,-2.17813998e-01, 9.59764004e-01, 4.50012207e+00, 5.98999023e+00,-2.40824890e+01,
  1.04620000e+04,-2.03516006e-01,-2.17325002e-01, 9.52440023e-01, 3.49304199e+00, 2.52685994e-01,-1.85588074e+01,
  1.05130000e+04,-2.03516006e-01,-2.12931007e-01, 9.69042003e-01, 4.75952101e+00, 3.97583008e+00,-1.81163025e+01,
  1.05630000e+04,-1.99120998e-01,-2.16349006e-01, 9.69042003e-01, 3.32519507e+00, 4.75402784e+00,-2.44487000e+01,
  1.06130000e+04,-2.06444994e-01,-2.27090999e-01, 9.60740983e-01, 6.94152784e+00, 5.02868700e+00,-1.51408386e+01,
  1.06630000e+04,-2.01563001e-01,-2.22697005e-01, 9.65134978e-01, 1.81457496e+00, 3.59436011e+00,-2.10917664e+01,
  1.07150000e+04,-1.88379005e-01,-2.24160999e-01, 9.58787978e-01, 5.43090820e+00, 3.41125488e+00,-1.47593689e+01,
  1.07650000e+04,-2.06444994e-01,-2.16349006e-01, 9.72948015e-01, 5.59875393e+00, 5.12085021e-01,-1.85740662e+01,
  1.08150000e+04,-2.04980001e-01,-2.12442994e-01, 9.68065023e-01, 3.24890089e+00, 7.08862305e+00,-2.65849304e+01,
  1.08650000e+04,-1.99608997e-01,-2.23673001e-01, 9.66600001e-01, 5.67504787e+00, 4.28100586e+00,-1.83909607e+01,
  1.09150000e+04,-2.07910001e-01,-2.16349006e-01, 9.59276021e-01, 4.25598097e+00,-1.09008801e+00,-1.68955994e+01,
  1.09670000e+04,-2.01074004e-01,-2.13419005e-01, 9.59764004e-01, 5.50720215e+00, 3.70117211e+00,-2.43571472e+01,
  1.10170000e+04,-2.01563001e-01,-2.24160999e-01, 9.71970975e-01, 5.84289503e+00, 6.98181200e+00,-1.86808777e+01,
  1.10670000e+04,-1.99120998e-01,-2.16837004e-01, 9.58787978e-01, 5.99548292e+00, 5.34912109e+00,-2.27549744e+01,
  1.11170000e+04,-2.00097993e-01,-2.18789995e-01, 9.66112018e-01, 5.50720215e+00,-4.33959991e-01,-1.60716248e+01,
  1.11680000e+04,-1.96679994e-01,-2.07560003e-01, 9.76854026e-01, 3.92028809e+00, 2.43469191e+00,-1.81163025e+01,
  1.12180000e+04,-2.06444994e-01,-2.09512994e-01, 9.61717010e-01, 3.41674805e+00, 2.92297411e+00,-1.90470886e+01,
  1.12690000e+04,-1.95215002e-01,-2.23673001e-01, 9.58299994e-01, 6.17858791e+00, 6.03637993e-01,-1.28062439e+01,
  1.13190000e+04,-1.99120998e-01,-2.14883998e-01, 9.55370009e-01, 3.08105493e+00, 4.75402784e+00,-1.88639832e+01,
  1.13700000e+04,-2.04492003e-01,-2.19767004e-01, 9.62693989e-01, 3.08105493e+00,-3.42406988e-01,-1.82994061e+01,
  1.14200000e+04,-2.02050999e-01,-2.19279006e-01, 9.66600001e-01, 4.25598097e+00, 8.41613770e+00,-1.12193298e+01,
  1.14700000e+04,-1.97167993e-01,-2.25626007e-01, 9.62693989e-01, 4.42382812e+00, 6.18835402e+00,-2.37925720e+01,
  1.15210000e+04,-1.97167993e-01,-2.13907003e-01, 9.47068989e-01, 6.34643507e+00, 3.41125488e+00,-2.07255554e+01,
  1.15710000e+04,-1.98145002e-01,-2.18301997e-01, 9.63181973e-01, 4.33227491e+00,-5.10254025e-01,-2.10765076e+01,
  1.16220000e+04,-2.05956995e-01,-2.08048001e-01, 9.67088997e-01, 4.40856886e+00, 4.38781691e+00,-2.13664246e+01,
  1.16720000e+04,-2.04492003e-01,-2.16349006e-01, 9.59276021e-01, 5.17150784e+00, 5.02868700e+00,-1.85740662e+01,
  1.17220000e+04,-2.07910001e-01,-2.17325002e-01, 9.69042003e-01, 2.48596191e+00, 1.96167004e+00,-1.94132996e+01,
  1.17720000e+04,-2.02538997e-01,-2.17813998e-01, 9.76365983e-01, 4.75952101e+00, 1.30614996e-01,-1.19670115e+01,
  1.18240000e+04,-2.03026995e-01,-2.14396000e-01, 9.76365983e-01, 4.25598097e+00,-2.46337891e+00,-2.10002136e+01,
  1.18740000e+04,-1.99120998e-01,-2.22697005e-01, 9.57323015e-01, 2.15026903e+00, 1.02624521e+01,-1.98710632e+01,
  1.19240000e+04,-2.05956995e-01,-2.19767004e-01, 9.67576981e-01, 4.42382812e+00, 5.05920410e+00,-2.23887634e+01,
  1.19740000e+04,-1.95215002e-01,-2.13419005e-01, 9.57323015e-01, 6.43798780e+00, 4.58618212e+00,-1.64225769e+01,
  1.20250000e+04,-1.92772999e-01,-2.10001007e-01, 9.70507026e-01, 4.75952101e+00, 2.52624512e+00,-2.40824890e+01,
  1.20760000e+04,-1.94238007e-01,-2.21231997e-01, 9.53904986e-01, 4.59167385e+00, 7.94311523e+00,-1.83909607e+01,
  1.21260000e+04,-1.91797003e-01,-2.26603001e-01, 9.61717010e-01, 6.10229397e+00, 2.92297411e+00,-1.83909607e+01,
  1.21760000e+04,-2.11328000e-01,-2.13907003e-01, 9.74901021e-01, 3.82873511e+00, 6.69189501e+00,-2.24955750e+01,
  1.22270000e+04,-1.99608997e-01,-2.13419005e-01, 9.63181973e-01, 2.98950195e+00, 4.46411085e+00,-1.79331970e+01,
  1.22770000e+04,-1.92772999e-01,-2.17813998e-01, 9.51951981e-01, 2.98950195e+00,-2.37182593e+00,-2.35179138e+01,
  1.23270000e+04,-1.96190998e-01,-2.15860993e-01, 9.51463997e-01, 5.76660109e+00, 6.03637993e-01,-1.30809031e+01,
  1.23780000e+04,-1.92772999e-01,-2.03654006e-01, 9.64159012e-01, 2.82165504e+00, 1.79382300e+00,-1.55833445e+01,
  1.24290000e+04,-1.92772999e-01,-2.20743001e-01, 9.59276021e-01, 2.74536109e+00,-9.22240973e-01,-2.04508972e+01,
  1.24790000e+04,-2.00097993e-01,-2.11953998e-01, 9.71970975e-01, 4.33227491e+00, 5.89843702e+00,-1.71855164e+01,
  1.25290000e+04,-1.88867003e-01,-2.16349006e-01, 9.62693989e-01, 4.08813381e+00, 1.56494105e+00,-1.60716248e+01,
  1.25790000e+04,-1.97167993e-01,-2.24649996e-01, 9.59276021e-01, 3.32519507e+00, 1.18347204e+00,-2.03440857e+01,
  1.26300000e+04,-1.92772999e-01,-2.13907003e-01, 9.68065023e-01, 3.82873511e+00, 3.31970191e+00,-2.32432556e+01,
  1.26810000e+04,-1.94727004e-01,-2.04630002e-01, 9.55370009e-01, 1.90612805e+00, 4.55566406e+00,-1.31724548e+01,
  1.27310000e+04,-1.95215002e-01,-2.15860993e-01, 9.62693989e-01, 2.57751489e+00,-1.79199195e+00,-2.50132751e+01,
  1.27810000e+04,-2.01563001e-01,-2.10978001e-01, 9.55857992e-01, 4.40856886e+00, 2.66357398e+00,-1.39964304e+01,
  1.28310000e+04,-1.97656006e-01,-2.06094995e-01, 9.48046029e-01, 1.98242199e+00, 4.15893602e+00,-2.58525085e+01,
  1.28820000e+04,-1.95215002e-01,-2.10978001e-01, 9.54882026e-01, 3.00476098e+00, 1.82434106e+00,-1.79331970e+01,
  1.29330000e+04,-1.93261996e-01,-2.12442994e-01, 9.57323015e-01, 4.33227491e+00, 4.26574707e+00,-1.93217468e+01,
  1.29830000e+04,-1.97656006e-01,-2.14883998e-01, 9.62693989e-01, 5.09521389e+00, 4.54040480e+00,-1.63462811e+01,
  1.30330000e+04,-1.96190998e-01,-2.27090999e-01, 9.57323015e-01, 4.83581495e+00, 3.59436011e+00,-1.83909607e+01,
  1.30840000e+04,-1.96190998e-01,-2.16837004e-01, 9.64646995e-01, 4.25598097e+00,-4.33959991e-01,-2.07255554e+01,
  1.31340000e+04,-1.90331995e-01,-2.04630002e-01, 9.65134978e-01, 5.07995605e+00, 6.60034180e+00,-1.63310242e+01,
  1.31850000e+04,-1.96190998e-01,-2.16837004e-01, 9.49998975e-01, 2.57751489e+00, 5.74585009e+00,-1.73533630e+01,
  1.32350000e+04,-1.95215002e-01,-2.19767004e-01, 9.61717010e-01, 4.77477980e+00, 1.93115199e+00,-1.88639832e+01,
  1.32860000e+04,-1.96190998e-01,-2.10978001e-01, 9.64159012e-01, 8.02490330e+00, 6.38671923e+00,-1.62547302e+01,
  1.33360000e+04,-1.92285001e-01,-2.12442994e-01, 9.67088997e-01, 2.31811500e+00, 2.84667993e+00,-2.43418884e+01,
  1.33860000e+04,-1.82520002e-01,-2.11465999e-01, 9.49998975e-01, 5.67504787e+00,-2.46337891e+00,-2.14732361e+01,
  1.34360000e+04,-1.93749994e-01,-2.08048001e-01, 9.67088997e-01, 2.74536109e+00,-4.09606886e+00,-2.15647888e+01,
  1.34870000e+04,-1.93261996e-01,-2.16349006e-01, 9.62206006e-01, 3.92028809e+00, 5.33386183e+00,-1.63462811e+01,
  1.35380000e+04,-1.89843997e-01,-2.08535999e-01, 9.85154986e-01, 4.83581495e+00,-1.02905297e+00,-1.65293884e+01,
  1.35880000e+04,-1.98145002e-01,-2.16837004e-01, 9.63181973e-01, 7.01782179e+00, 7.63793898e+00,-2.33348083e+01,
  1.36380000e+04,-1.97167993e-01,-2.16349006e-01, 9.66600001e-01, 5.09521389e+00, 3.68591309e+00,-2.03440857e+01,
  1.36880000e+04,-1.88379005e-01,-2.14883998e-01, 9.67088997e-01, 5.17150784e+00,-3.72309983e-02,-1.61479187e+01,
  1.37400000e+04,-1.93749994e-01,-2.12442994e-01, 9.59276021e-01, 1.36107996e-01, 4.26574707e+00,-1.52323923e+01,
  1.37900000e+04,-1.94238007e-01,-2.18789995e-01, 9.63181973e-01, 4.33227491e+00, 5.62377882e+00,-1.48509216e+01,
  1.38400000e+04,-1.89355001e-01,-2.03654006e-01, 9.63671029e-01, 6.16333008e+00,-2.72277808e+00,-2.04356384e+01,
  1.38900000e+04,-1.89355001e-01,-2.07072005e-01, 9.67576981e-01, 4.33227491e+00, 5.04394484e+00,-2.07255554e+01,
  1.39410000e+04,-2.04492003e-01,-2.06582993e-01, 9.57810998e-01, 4.16442823e+00, 4.57092285e+00,-2.18394470e+01,
  1.39910000e+04,-1.86913997e-01,-2.06582993e-01, 9.53904986e-01, 2.82165504e+00, 3.22814894e+00,-1.81163025e+01,
  1.40420000e+04,-1.93749994e-01,-1.98771000e-01, 9.71970975e-01, 1.90612805e+00,-4.26391602e+00,-1.85588074e+01,
  1.40920000e+04,-1.96190998e-01,-2.08048001e-01, 9.68065023e-01, 3.58459496e+00,-5.24899997e-02,-1.91386414e+01,
  1.41430000e+04,-1.86425999e-01,-2.07072005e-01, 9.50975001e-01, 7.27722120e+00, 2.61779809e+00,-2.38993835e+01,
  1.41930000e+04,-1.85449004e-01,-2.12442994e-01, 9.83201981e-01, 1.14318800e+00, 2.46520996e+00,-1.81010437e+01,
  1.42430000e+04,-1.83983997e-01,-2.00235993e-01, 9.64646995e-01, 1.64672804e+00, 7.42431593e+00,-1.95201111e+01,
  1.42940000e+04,-1.89355001e-01,-2.02676997e-01, 9.43651021e-01, 2.98950195e+00, 3.01452589e+00,-1.46678171e+01,
  1.43440000e+04,-1.92772999e-01,-2.06582993e-01, 9.64159012e-01, 2.98950195e+00, 7.95837402e+00,-2.29380798e+01,
  1.43950000e+04,-1.99608997e-01,-2.07560003e-01, 9.67088997e-01, 4.25598097e+00, 5.04394484e+00,-1.92301941e+01,
  1.44450000e+04,-1.91797003e-01,-2.10978001e-01, 9.68553007e-01, 2.82165504e+00, 1.50390601e+00,-1.47441111e+01,
  1.44950000e+04,-1.92772999e-01,-2.04142004e-01, 9.63671029e-01, 3.82873511e+00, 4.26574707e+00,-2.39909363e+01,
  1.45450000e+04,-1.89355001e-01,-2.14396000e-01, 9.67088997e-01, 4.66796780e+00, 2.83142090e+00,-2.01609802e+01,
  1.45970000e+04,-1.98145002e-01,-2.09512994e-01, 9.62206006e-01, 6.01074219e+00, 4.64721680e+00,-1.84825134e+01,
  1.46470000e+04,-1.92772999e-01,-2.16837004e-01, 9.63671029e-01, 3.99658203e+00, 6.96655321e+00,-1.72770691e+01,
  1.46970000e+04,-1.88379005e-01,-2.08048001e-01, 9.71970975e-01, 4.59167385e+00, 3.04504395e+00,-1.34471130e+01,
  1.47470000e+04,-1.93749994e-01,-2.11953998e-01, 9.51951981e-01, 3.92028809e+00, 4.35729980e+00,-2.42655945e+01,
  1.47980000e+04,-1.96679994e-01,-2.09512994e-01, 9.55857992e-01, 1.73828101e+00, 6.56982422e+00,-1.68040466e+01,
  1.48490000e+04,-1.84961006e-01,-2.05118001e-01, 9.68553007e-01, 2.50122094e+00, 6.06628418e+00,-1.69108582e+01,
  1.48990000e+04,-1.92772999e-01,-2.08535999e-01, 9.66112018e-01, 5.01891994e+00,-2.78381300e+00,-2.29533386e+01,
  1.49490000e+04,-2.00097993e-01,-2.14883998e-01, 9.62206006e-01, 5.76660109e+00,-5.63720703e+00,-1.47593689e+01,
  1.49990000e+04,-1.82520002e-01,-2.06094995e-01, 9.74901021e-01, 1.31103504e+00, 6.29516602e+00,-1.82078552e+01,
  1.50500000e+04,-1.84472993e-01,-2.20743001e-01, 9.75389004e-01, 4.59167385e+00, 5.54748487e+00,-1.95048523e+01,
  1.51000000e+04,-1.79102004e-01,-2.06582993e-01, 9.65134978e-01, 5.76660109e+00, 3.80798292e+00,-2.06187439e+01,
  1.51510000e+04,-1.90331995e-01,-2.04142004e-01, 9.69042003e-01, 3.15734911e+00, 4.29626513e+00,-2.08934021e+01,
  1.52010000e+04,-2.02538997e-01,-2.11953998e-01, 9.53904986e-01, 5.76660109e+00,-1.89880395e+00,-1.65293884e+01,
  1.52520000e+04,-1.76660001e-01,-2.13419005e-01, 9.76365983e-01, 5.43090820e+00,-7.39135981e-01,-1.79331970e+01,
  1.53020000e+04,-1.91309005e-01,-2.01700002e-01, 9.67576981e-01, 3.58459496e+00, 5.05920410e+00,-1.64225769e+01,
  1.53520000e+04,-1.83008000e-01,-2.16837004e-01, 9.64159012e-01, 3.15734911e+00, 4.84558105e+00,-1.94132996e+01,
  1.54030000e+04,-1.93261996e-01,-2.07560003e-01, 9.58299994e-01, 5.09521389e+00,-1.50207496e+00,-2.27702332e+01,
  1.54540000e+04,-1.95215002e-01,-2.03164995e-01, 9.63671029e-01, 5.43090820e+00, 2.63305712e+00,-2.10917664e+01,
  1.55040000e+04,-1.93261996e-01,-2.07560003e-01, 9.59276021e-01, 4.57641602e+00, 3.13659692e+00,-2.03288269e+01,
  1.55540000e+04,-1.88379005e-01,-2.08535999e-01, 9.61717010e-01, 3.66088891e+00, 3.02978492e+00,-1.94132996e+01,
  1.56040000e+04,-1.87891006e-01,-2.00235993e-01, 9.64159012e-01, 5.00366211e+00, 2.34313989e+00,-1.30809031e+01,
  1.56540000e+04,-1.92285001e-01,-2.08048001e-01, 9.75878000e-01, 4.42382812e+00, 3.41125488e+00,-1.76432800e+01,
  1.57060000e+04,-1.91309005e-01,-2.06582993e-01, 9.70507026e-01, 1.57043505e+00,-2.20337003e-01,-1.80094891e+01,
  1.57560000e+04,-1.89355001e-01,-2.07072005e-01, 9.58787978e-01, 4.08813381e+00, 1.01562500e+00,-2.10917664e+01,
  1.58060000e+04,-1.84472993e-01,-2.04630002e-01, 9.59764004e-01, 5.00366211e+00, 4.57092285e+00,-1.90470886e+01,
  1.58560000e+04,-1.83008000e-01,-2.05118001e-01, 9.59764004e-01, 2.07397509e+00, 4.05272990e-01,-2.09086609e+01,
  1.59070000e+04,-1.83008000e-01,-2.06582993e-01, 9.57323015e-01, 4.25598097e+00, 6.76818800e+00,-1.66209412e+01,
  1.59580000e+04,-1.91309005e-01,-2.01700002e-01, 9.58299994e-01, 3.82873511e+00, 2.83142090e+00,-1.47593689e+01,
  1.60080000e+04,-1.94238007e-01,-2.02676997e-01, 9.56345975e-01, 3.82873511e+00, 1.18798828e+01,-1.74601746e+01,
  1.60580000e+04,-1.84961006e-01,-2.08535999e-01, 9.63671029e-01, 4.92736816e+00, 7.07336378e+00,-2.36094666e+01,
  1.61090000e+04,-1.93261996e-01,-1.99746996e-01, 9.47068989e-01, 3.24890089e+00,-3.27147990e-01,-1.58580017e+01,
  1.61590000e+04,-1.88379005e-01,-2.03164995e-01, 9.81248975e-01, 5.00366211e+00,-3.13476610e+00,-2.48301697e+01,
  1.62090000e+04,-1.87401995e-01,-2.06582993e-01, 9.62693989e-01, 5.93444777e+00, 1.17730722e+01,-1.66209412e+01,
  1.62600000e+04,-1.88867003e-01,-2.08535999e-01, 9.70995009e-01, 2.89794898e+00, 6.34154975e-01,-2.19157391e+01,
  1.63100000e+04,-1.86425999e-01,-2.17325002e-01, 9.62693989e-01, 2.74536109e+00, 9.17907810e+00,-2.41740417e+01,
  1.63610000e+04,-1.79590002e-01,-2.12931007e-01, 9.68553007e-01, 2.40966797e+00, 2.43469191e+00,-1.36454782e+01,
  1.64110000e+04,-1.85449004e-01,-2.09024996e-01, 9.54393029e-01, 4.50012207e+00, 1.18347204e+00,-2.16563416e+01,
  1.64610000e+04,-1.88867003e-01,-2.11465999e-01, 9.54882026e-01, 6.51428223e+00, 8.91967773e+00,-1.95048523e+01,
  1.65120000e+04,-1.91309005e-01,-1.99258998e-01, 9.63181973e-01, 3.99658203e+00, 7.36328077e+00,-1.97947693e+01,
  1.65630000e+04,-1.97167993e-01,-2.17325002e-01, 9.63181973e-01, 4.92736816e+00, 5.25756788e+00,-1.45610046e+01,
  1.66130000e+04,-1.83495998e-01,-1.92910999e-01, 9.66112018e-01, 5.50720215e+00, 3.77746606e+00,-1.66209412e+01,
  1.66630000e+04,-1.78613007e-01,-2.03164995e-01, 9.72948015e-01, 3.82873511e+00, 4.34204102e+00,-2.39909363e+01,
  1.67130000e+04,-1.85449004e-01,-2.03164995e-01, 9.76854026e-01, 2.24182105e+00, 1.56494105e+00,-2.05424500e+01,
  1.67640000e+04,-1.81542993e-01,-2.01212004e-01, 9.82225001e-01, 5.84289503e+00,-6.47583008e-01,-1.42100534e+01,
  1.68150000e+04,-1.88379005e-01,-2.04630002e-01, 9.75389004e-01, 1.23474097e+00, 6.50878906e+00,-2.12748718e+01,
  1.68650000e+04,-1.91797003e-01,-1.96817994e-01, 9.71970975e-01, 7.27722120e+00,-5.25512993e-01,-1.98863220e+01,
  1.69150000e+04,-1.88867003e-01,-2.01700002e-01, 9.54393029e-01, 5.93444777e+00, 4.58618212e+00,-2.10765076e+01,
  1.69660000e+04,-1.83008000e-01,-2.02676997e-01, 9.71482992e-01, 3.32519507e+00, 2.66357398e+00,-2.81565857e+01,
  1.70160000e+04,-1.77636996e-01,-2.07560003e-01, 9.65134978e-01, 5.50720215e+00, 3.80798292e+00,-1.74449158e+01,
  1.70670000e+04,-1.78613007e-01,-1.99258998e-01, 9.75878000e-01, 5.33935499e+00,-1.59362805e+00,-1.78416443e+01,
  1.71170000e+04,-1.79102004e-01,-2.08535999e-01, 9.56345975e-01, 2.91320801e+00,-3.13476610e+00,-2.15647888e+01,
  1.71680000e+04,-1.84472993e-01,-2.06094995e-01, 9.71482992e-01, 6.43798780e+00,-2.82959008e+00,-1.42863474e+01,
  1.72180000e+04,-1.82031006e-01,-2.01700002e-01, 9.61717010e-01, 2.74536109e+00, 4.86083984e+00,-2.20225525e+01,
  1.72680000e+04,-1.84472993e-01,-1.91447005e-01, 9.55857992e-01, 2.82165504e+00, 2.43469191e+00,-1.79331970e+01,
  1.73180000e+04,-1.78613007e-01,-2.08048001e-01, 9.65134978e-01, 2.98950195e+00,-7.54395008e-01,-1.62547302e+01,
  1.73690000e+04,-1.91309005e-01,-2.06094995e-01, 9.50487018e-01, 1.90612805e+00, 5.34912109e+00,-2.23887634e+01,
  1.74200000e+04,-1.74218997e-01,-2.08048001e-01, 9.62693989e-01, 5.76660109e+00, 1.21398902e+00,-2.02372742e+01,
  1.74700000e+04,-1.77147999e-01,-2.03654006e-01, 9.68065023e-01, 4.75952101e+00, 3.88427711e+00,-1.92301941e+01,
  1.75200000e+04,-1.87891006e-01,-2.07560003e-01, 9.68065023e-01, 2.24182105e+00, 3.80798292e+00,-2.08934021e+01,
  1.75700000e+04,-1.83983997e-01,-2.01212004e-01, 9.64646995e-01, 1.55517602e+00, 6.43249512e+00,-2.42503357e+01,
  1.76220000e+04,-1.81542993e-01,-1.96817994e-01, 9.67088997e-01, 2.97424293e+00, 5.54748487e+00,-1.95964050e+01,
  1.76720000e+04,-1.81542993e-01,-2.00235993e-01, 9.49998975e-01, 5.17150784e+00, 5.62377882e+00,-1.45762644e+01,
  1.77220000e+04,-1.91309005e-01,-2.03654006e-01, 9.68553007e-01, 5.27831984e+00,-2.81372011e-01,-1.95201111e+01,
  1.77720000e+04,-1.85449004e-01,-1.89005002e-01, 9.64646995e-01, 2.07397509e+00, 1.29028296e+00,-1.94132996e+01
