mm,ax,ay,az,gx,gy,gz,
 6.41000000e+02, 5.49399992e-03, 3.93299991e-03, 1.00390697e+00,
   1.93984997e+00,-7.43209791e+00, 9.79156017e-01,
  6.91000000e+02,-4.75999992e-03,-6.80899993e-03, 9.92188990e-01,
   2.61382997e-01,-1.77108800e+00,-1.17233300e+00,
  7.41000000e+02,-2.31799996e-03, 3.44499992e-03, 1.00634897e+00,
   2.35183692e+00, 4.41437006e-01, 1.52847302e+00,
  7.91000000e+02, 5.00599993e-03, 2.46799993e-03, 1.00390697e+00,
   4.29230005e-01, 5.26321411e+00,-2.94235206e+00,
  8.41000000e+02,-1.11069996e-02, 2.46799993e-03, 9.76074994e-01,
   2.44338989e+00,-5.05172682e+00, 5.17532301e+00,
  8.91000000e+02,-8.52999976e-04, 5.15000022e-04, 9.94141996e-01,
   1.51260400e+00,-5.03646803e+00,-2.41547003e-01,
  9.42000000e+02, 5.00599993e-03,-1.43800001e-03, 9.98048007e-01,
  -1.41708398e+00,-1.28280604e+00,-3.12545800e+00,
  9.92000000e+02,-6.71300013e-03,-2.41500000e-03, 1.00390697e+00,
   8.41216981e-01, 4.30190992e+00, 5.97687006e-01,
  1.04200000e+03,-6.71300013e-03,-7.78600015e-03, 1.00341904e+00,
   9.35359970e-02,-8.25043023e-01,-2.41547003e-01,
  1.09200000e+03,-6.22399990e-03, 5.15000022e-04, 9.99024987e-01,
   1.60415697e+00,-1.89315796e+00,-6.99310005e-01,
  1.14300000e+03, 4.02999995e-03,-9.50000016e-04, 9.95118022e-01,
  -2.18002295e+00, 1.66214001e+00, 4.51919603e+00,
  1.19300000e+03,-1.82999996e-03, 2.46799993e-03, 9.88282025e-01,
  -2.18002295e+00, 6.09282970e-01, 3.23029011e-01,
  1.24400000e+03,-8.17700010e-03, 1.49199995e-03, 9.90235984e-01,
  -1.08139002e+00, 4.17984009e+00,-1.26388502e+00,
  1.29400000e+03, 6.95900014e-03,-1.43800001e-03, 9.94629979e-01,
  -7.43099973e-02,-1.19125402e+00,-4.51400805e+00,
  1.34400000e+03,-1.34199997e-03, 2.95699993e-03, 1.00195396e+00,
  -2.42156997e-01,-1.23138003e-01,-4.98703003e+00,
  1.39400000e+03,-5.73599990e-03, 1.00299995e-03, 9.89746988e-01,
  -7.43099973e-02, 1.47903395e+00,-5.07858276e+00,
  1.44400000e+03, 5.98300016e-03,-6.32099994e-03, 1.00244296e+00,
  -2.51571703e+00, 2.47085595e+00,-1.44699097e+00,
  1.49500000e+03, 5.00599993e-03,-4.60999989e-04, 1.01367295e+00,
   1.98399997e-03,-1.77108800e+00,-8.82416010e-01,
  1.54500000e+03,-1.34199997e-03, 1.49199995e-03, 9.99512970e-01,
   1.17691004e+00, 4.56696004e-01, 6.47232103e+00,
  1.59500000e+03, 5.98300016e-03, 1.97999994e-03, 1.00097799e+00,
   9.32770014e-01, 4.41437006e-01, 6.74697924e+00,
  1.64600000e+03, 1.08650001e-02, 5.15000022e-04, 1.00048900e+00,
  -9.13543999e-01,-4.25826979e+00, 1.63528395e+00,
  1.69600000e+03,-1.34199997e-03,-5.83200017e-03, 9.94141996e-01,
   3.37677002e-01,-4.28314000e-01,-1.63009596e+00,
  1.74600000e+03, 6.12000003e-04,-6.32099994e-03, 9.91212010e-01,
   1.69829994e-01,-2.62558007e+00, 1.16226196e+00,
  1.79700000e+03,-8.66600033e-03, 6.86299987e-03, 9.90235984e-01,
  -7.43099973e-02, 6.09282970e-01,-4.71237183e+00,
  1.84700000e+03, 6.12000003e-04, 5.88600012e-03, 9.94629979e-01,
  -1.34079003e+00,-1.96945202e+00,-2.74398804e+00,
  1.89700000e+03, 5.49399992e-03, 1.97999994e-03, 9.96582985e-01,
   1.84829700e+00,-3.52584791e+00, 2.27615404e+00,
  1.94700000e+03, 4.02999995e-03,-1.92600000e-03, 1.01171994e+00,
   4.29230005e-01,-7.02971995e-01, 3.86306810e+00,
  1.99700000e+03, 1.23000005e-04,-2.90299999e-03, 9.91212010e-01,
  -3.33710015e-01, 9.14458990e-01, 5.54153395e+00,
  2.04800000e+03, 1.08650001e-02,-3.39099998e-03, 1.00341904e+00,
   3.69461107e+00,-4.76180983e+00, 8.87603998e-01,
  2.09900000e+03,-3.78299993e-03,-3.87899997e-03, 1.00341904e+00,
  -1.49337804e+00, 1.75369298e+00,-1.63009596e+00,
  2.14900000e+03, 1.23000005e-04,-3.87899997e-03, 1.00390697e+00,
   3.52676392e+00, 7.31353998e-01,-1.90475500e+00,
  2.19900000e+03, 3.54099995e-03,-4.60999989e-04, 1.00830197e+00,
  -1.50863600e+00, 5.99670000e-02,-2.19467211e+00,
  2.24900000e+03,-7.20100012e-03,-4.60999989e-04, 1.01123202e+00,
  -4.10003990e-01, 4.07302904e+00,-1.35543799e+00,
  2.29900000e+03, 5.49399992e-03,-4.60999989e-04, 1.00586104e+00,
   9.32770014e-01,-1.40487695e+00,-4.23934889e+00,
  2.35000000e+03,-2.31799996e-03, 1.97999994e-03, 9.94141996e-01,
   6.73370004e-01,-2.93075609e+00,-3.87313795e+00,
  2.40000000e+03, 3.05299996e-03,-5.34400018e-03, 9.94141996e-01,
   1.84829700e+00,-5.19867003e-01,-3.49166894e+00,
  2.45000000e+03,-6.71300013e-03,-8.76200013e-03, 1.00537205e+00,
   4.29230005e-01,-2.04574609e+00,-8.82416010e-01,
  2.50000000e+03, 1.23000005e-04,-1.92600000e-03, 9.75587010e-01,
   1.92459095e+00, 4.77493286e+00,-3.03390503e+00,
  2.55100000e+03, 2.56499997e-03,-2.41500000e-03, 1.00586104e+00,
  -1.65863007e-01,-1.28280604e+00, 3.58840895e+00,
  2.60100000e+03, 8.91199987e-03,-6.32099994e-03, 9.98535991e-01,
   1.43631005e+00,-6.26677990e-01, 5.54153395e+00,
  2.65200000e+03, 1.09999999e-03,-6.32099994e-03, 1.01074302e+00,
  -1.84432995e+00,-6.11419976e-01, 8.87603998e-01,
  2.70200000e+03,-8.52999976e-04, 1.00299995e-03, 9.93654013e-01,
   2.01614404e+00, 2.63870192e+00, 5.63308716e+00,
  2.75200000e+03,-3.78299993e-03,-2.41500000e-03, 1.00195396e+00,
   7.64922976e-01, 2.82180810e+00, 3.23029011e-01,
  2.80200000e+03, 2.56499997e-03,-2.41500000e-03, 9.89746988e-01,
  -2.40890503e+00, 2.02835107e+00, 3.40530396e+00,
  2.85200000e+03, 3.54099995e-03, 1.00299995e-03, 1.01123202e+00,
   2.61382997e-01,-1.40487695e+00,-2.65243506e+00,
  2.90300000e+03, 5.98300016e-03,-6.80899993e-03, 9.99024987e-01,
   5.20781994e-01,-4.22775316e+00,-7.59628296e+00,
  2.95300000e+03, 3.05299996e-03,-2.41500000e-03, 9.96095002e-01,
   2.61382997e-01, 1.66778997e-01, 1.63528395e+00,
  3.00300000e+03, 1.09999999e-03,-4.60999989e-04, 1.00341904e+00,
  -6.69403017e-01,-6.11419976e-01, 3.11538696e+00,
  3.05400000e+03, 6.12000003e-04, 6.86299987e-03, 9.93654013e-01,
   1.60415697e+00,-8.24081516e+00, 2.18460107e+00,
  3.10400000e+03, 1.09999999e-03, 6.37499988e-03, 9.81935024e-01,
  -3.33710015e-01,-1.48117101e+00, 4.04617310e+00,
  3.15400000e+03, 5.00599993e-03,-4.60999989e-04, 9.95118022e-01,
  -1.24923694e+00, 2.63870192e+00, 4.51919603e+00,
  3.20500000e+03,-2.80599995e-03, 3.93299991e-03, 9.95118022e-01,
   2.10769701e+00,-3.31222510e+00, 4.61074781e+00,
  3.25500000e+03, 1.58799998e-03,-2.90299999e-03, 9.99512970e-01,
   5.28152514e+00,-5.34164381e+00, 3.95462108e+00,
  3.30500000e+03, 8.42399988e-03, 2.46799993e-03, 9.87793982e-01,
   1.77200305e+00,-2.73239112e+00,-5.16205013e-01,
  3.35500000e+03,-8.17700010e-03, 5.15000022e-04, 1.00634897e+00,
  -4.10003990e-01,-6.21029995e-02, 4.42764282e+00,
  3.40500000e+03, 7.44799990e-03,-2.90299999e-03, 1.00683701e+00,
  -2.42156997e-01, 2.65396094e+00,-6.00936890e+00,
  3.45600000e+03, 1.58799998e-03, 8.81600007e-03, 1.01025498e+00,
   4.13971007e-01, 4.30190992e+00,-6.84860182e+00,
  3.50700000e+03,-8.52999976e-04, 6.37499988e-03, 9.94141996e-01,
   6.73370004e-01,-1.09970105e+00,-4.14779711e+00,
  3.55700000e+03, 1.18420003e-02, 7.35099986e-03, 9.97560024e-01,
   1.98399997e-03,-3.15859988e-02,-1.08078003e+00,
  3.60700000e+03, 6.47100015e-03, 5.88600012e-03, 9.90724027e-01,
  -1.34079003e+00, 3.88992310e+00,-7.90862978e-01,
  3.65700000e+03,-8.52999976e-04, 4.42099990e-03, 9.97071981e-01,
   6.73370004e-01, 1.40274000e+00, 6.19766188e+00,
  3.70700000e+03,-2.80599995e-03, 1.97999994e-03, 9.98535991e-01,
   1.98399997e-03, 8.34549046e+00,-2.37777710e+00,
  3.75800000e+03, 1.09999999e-03,-9.25000012e-03, 1.01074302e+00,
  -3.18710303e+00, 2.56240797e+00, 7.96051025e-01,
  3.80800000e+03, 1.03770001e-02,-2.90299999e-03, 1.00146604e+00,
   5.97075999e-01,-3.60214210e+00,-6.28402710e+00,
  3.85800000e+03, 9.88900010e-03, 2.46799993e-03, 9.98535991e-01,
  -1.84432995e+00,-1.51168799e+00,-4.14779711e+00,
  3.90800000e+03, 5.00599993e-03,-9.50000016e-04, 1.00830197e+00,
  -7.43099973e-02,-3.21503013e-01,-3.78158593e+00,
  3.95800000e+03,-2.31799996e-03, 1.49199995e-03, 9.96095002e-01,
  -1.84432995e+00, 7.33840895e+00,-2.65243506e+00,
  4.00900000e+03, 6.12000003e-04,-2.41500000e-03, 1.00732505e+00,
  -1.24923694e+00, 1.28067005e+00,-6.99310005e-01,
  4.06000000e+03,-1.34199997e-03,-1.02270003e-02, 1.00488400e+00,
  -7.45697021e-01, 2.74551392e+00, 3.40530396e+00,
  4.11000000e+03, 8.42399988e-03, 1.97999994e-03, 9.98535991e-01,
  -1.00509596e+00, 4.17984009e+00,-1.90475500e+00,
  4.16000000e+03,-8.52999976e-04,-1.92600000e-03, 1.00537205e+00,
   2.61382997e-01, 1.09756505e+00, 3.67996192e+00,
  4.21000000e+03, 4.02999995e-03,-1.92600000e-03, 1.00244296e+00,
   2.77908301e+00, 1.36261001e-01,-1.44699097e+00,
  4.26000000e+03, 3.54099995e-03,-9.50000016e-04, 1.00634897e+00,
  -1.52389503e+00,-2.29949996e-01,-7.90862978e-01,
  4.31100000e+03, 3.05299996e-03, 2.95699993e-03, 1.01171994e+00,
  -6.69403017e-01, 3.79836988e+00, 5.97687006e-01,
  4.36100000e+03,-8.52999976e-04,-4.60999989e-04, 1.00146604e+00,
   1.98399997e-03, 4.66812086e+00, 6.89239025e-01,
  4.41100000e+03, 7.44799990e-03,-1.43800001e-03, 9.93654013e-01,
  -2.01217604e+00, 2.63870192e+00, 1.63528395e+00,
  4.46100000e+03, 3.54099995e-03,-7.29699992e-03, 9.98535991e-01,
  -1.92062402e+00, 2.92861891e+00, 3.49685693e+00,
  4.51200000e+03, 5.98300016e-03, 1.49199995e-03, 1.00195396e+00,
  -8.37249994e-01, 1.66214001e+00, 6.94534302e+00,
  4.56200000e+03,-7.68900011e-03, 3.44499992e-03, 9.94629979e-01,
  -1.65863007e-01,-6.41937017e-01, 1.34536695e+00,
  4.61300000e+03, 1.58799998e-03, 4.42099990e-03, 1.00048900e+00,
   2.94692993e+00,-5.93673706e+00, 1.07070899e+00,
  4.66300000e+03, 2.07599998e-03, 5.15000022e-04, 1.00488400e+00,
  -8.37249994e-01, 2.73025489e+00, 1.25381505e+00,
  4.71300000e+03, 1.23000005e-04, 1.97999994e-03, 1.00634897e+00,
  -7.45697021e-01,-5.61630201e+00,-4.89547682e+00,
  4.76300000e+03,-3.29499994e-03, 6.86299987e-03, 1.00293100e+00,
  -1.08139002e+00,-1.66427600e+00,-4.05624390e+00,
  4.81300000e+03, 1.58799998e-03, 2.95699993e-03, 9.91212010e-01,
  -1.58492994e+00,-4.28314000e-01,-6.10092211e+00,
  4.86400000e+03,-1.34199997e-03,-3.39099998e-03, 9.93165016e-01,
  -1.00509596e+00, 1.89102197e+00,-6.84860182e+00,
  4.91400000e+03,-3.29499994e-03, 7.83899985e-03, 1.00390697e+00,
  -1.17294300e+00,-3.03756690e+00, 2.27615404e+00,
  4.96500000e+03, 1.58799998e-03, 1.00299995e-03, 9.93654013e-01,
   1.00906396e+00,-2.83920288e+00,-2.94235206e+00,
  5.01500000e+03,-2.31799996e-03,-3.39099998e-03, 9.99024987e-01,
  -6.84661984e-01,-2.24411011e+00, 5.06851196e+00,
  5.06500000e+03,-3.29499994e-03, 1.97999994e-03, 9.96095002e-01,
  -2.18002295e+00,-4.13055003e-01,-6.57394409e+00,
  5.11500000e+03,-8.52999976e-04, 1.02810003e-02, 9.96582985e-01,
  -1.41708398e+00, 4.01199293e+00,-3.78158593e+00,
  5.16600000e+03,-8.17700010e-03, 5.15000022e-04, 1.00732505e+00,
   1.10061705e+00, 4.17984009e+00,-1.90475500e+00,
  5.21600000e+03,-3.29499994e-03, 2.46799993e-03, 1.00244296e+00,
   1.78726196e+00, 1.08230603e+00,-1.72164905e+00,
  5.26600000e+03, 1.09999999e-03, 2.46799993e-03, 9.95118022e-01,
   3.37677002e-01, 2.73025489e+00, 1.16226196e+00,
  5.31600000e+03, 2.07599998e-03, 5.88600012e-03, 1.00244296e+00,
  -4.10003990e-01, 2.36404395e+00, 2.65762305e+00,
  5.36700000e+03,-3.29499994e-03,-2.41500000e-03, 1.00390697e+00,
  -5.01555979e-01,-5.50383985e-01, 2.00149488e+00,
  5.41700000e+03, 2.56499997e-03, 2.46799993e-03, 9.97560024e-01,
   2.18399000e+00,-6.18087816e+00, 9.79156017e-01,
  5.46800000e+03, 1.58799998e-03,-3.87899997e-03, 9.96582985e-01,
  -1.58492994e+00, 2.56240797e+00,-6.19247389e+00,
  5.51800000e+03, 1.23000005e-04,-2.41500000e-03, 9.90235984e-01,
  -6.69403017e-01, 6.66702318e+00,-1.81320202e+00,
  5.56800000e+03, 7.93599989e-03, 1.00299995e-03, 9.87793982e-01,
   3.37677002e-01, 1.76895106e+00, 1.81839001e+00,
  5.61800000e+03, 5.98300016e-03,-4.60999989e-04, 1.01074302e+00,
  -1.50863600e+00,-4.47189283e+00, 3.86306810e+00,
  5.66800000e+03, 5.49399992e-03, 1.49199995e-03, 1.01171994e+00,
  -1.18820202e+00,-4.16671801e+00, 4.61074781e+00,
  5.71900000e+03,-4.75999992e-03,-9.50000016e-04, 1.00195396e+00,
   1.68045104e+00, 3.41690111e+00,-1.44699097e+00,
  5.76900000e+03,-3.29499994e-03, 1.49199995e-03, 1.00781405e+00,
   1.51260400e+00, 2.05886793e+00, 5.90774488e+00,
  5.82000000e+03, 5.00599993e-03, 7.83899985e-03, 1.01562595e+00,
   8.56476009e-01,-2.90984988e-01,-8.82416010e-01,
  5.87000000e+03,-2.31799996e-03, 1.00299995e-03, 9.99512970e-01,
   1.16165197e+00,-4.07516479e+00,-2.41547003e-01,
  5.92000000e+03, 1.58799998e-03, 1.00299995e-03, 1.00341904e+00,
  -1.34079003e+00, 5.53787184e+00, 3.20693994e+00,
  5.97000000e+03,-1.34199997e-03, 1.00299995e-03, 9.98535991e-01,
  -7.45697021e-01, 4.56130981e+00,-3.78158593e+00,
  6.02100000e+03, 7.93599989e-03,-4.60999989e-04, 9.90235984e-01,
   9.35359970e-02,-3.78524804e+00,-1.35543799e+00,
  6.07100000e+03,-1.82999996e-03,-7.78600015e-03, 9.93654013e-01,
   8.41216981e-01,-1.53656006e-01, 6.89239025e-01,
  6.12100000e+03, 5.00599993e-03, 2.46799993e-03, 1.00634897e+00,
  -2.10372901e+00,-8.86078000e-01, 2.18460107e+00,
  6.17100000e+03, 9.88900010e-03,-9.50000016e-04, 9.93654013e-01,
   1.68045104e+00, 4.59182692e+00, 5.99929810e+00,
  6.22100000e+03, 9.88900010e-03, 2.95699993e-03, 1.00732505e+00,
   9.35359970e-02,-3.29696703e+00, 1.39923006e-01,
  6.27200000e+03,-1.82999996e-03,-9.25000012e-03, 1.00293100e+00,
  -1.67648304e+00, 5.43106079e+00, 2.09304810e+00,
  6.32300000e+03,-2.80599995e-03, 5.15000022e-04, 9.88771021e-01,
   1.00906396e+00,-3.80050707e+00,-2.19467211e+00,
  6.37300000e+03, 3.05299996e-03, 5.88600012e-03, 1.01611400e+00,
   5.05523980e-01,-4.27352905e+00, 1.39923006e-01,
  6.42300000e+03,-8.52999976e-04,-5.83200017e-03, 1.00927901e+00,
  -1.84432995e+00, 3.11172509e+00,-2.65243506e+00,
  6.47300000e+03, 3.54099995e-03, 6.37499988e-03, 9.96095002e-01,
  -2.42156997e-01,-1.31332397e+00, 2.09304810e+00,
  6.52300000e+03, 2.56499997e-03, 6.86299987e-03, 9.98048007e-01,
   1.10061705e+00, 2.94489991e-02,-1.34735003e-01,
  6.57400000e+03,-6.22399990e-03, 3.93299991e-03, 9.90724027e-01,
  -8.52509022e-01, 1.12808204e+00,-1.34735003e-01,
  6.62400000e+03, 6.12000003e-04, 5.88600012e-03, 9.86818016e-01,
   2.18399000e+00, 7.31353998e-01,-3.78158593e+00,
  6.67400000e+03, 2.07599998e-03, 9.30400006e-03, 9.96095002e-01,
   6.88628972e-01, 1.46377599e+00,-2.65243506e+00,
  6.72400000e+03, 7.44799990e-03, 3.44499992e-03, 9.99512970e-01,
  -3.09555101e+00, 6.39236403e+00,-1.35543799e+00,
  6.77400000e+03, 1.23000005e-04, 2.95699993e-03, 1.00048900e+00,
  -1.32553101e+00, 3.67630005e+00, 2.31475994e-01,
  6.82500000e+03, 1.23000005e-04, 7.83899985e-03, 1.01318502e+00,
  -2.42156997e-01, 2.25723290e+00, 2.09304810e+00,
  6.87600000e+03, 2.56499997e-03,-4.36800020e-03, 9.90724027e-01,
   4.29230005e-01, 5.32989025e-01, 2.09304810e+00,
  6.92600000e+03, 1.23000005e-04,-3.87899997e-03, 1.00390697e+00,
  -6.69403017e-01, 1.11282301e+00, 2.09304810e+00,
  6.97600000e+03, 5.00599993e-03,-8.76200013e-03, 1.00146604e+00,
   4.29230005e-01, 5.04959106e+00,-4.14779711e+00,
  7.02600000e+03,-6.71300013e-03, 4.42099990e-03, 1.00341904e+00,
   8.41216981e-01,-1.20651197e+00,-7.41317701e+00,
  7.07600000e+03, 4.02999995e-03, 4.42099990e-03, 1.01171994e+00,
  -1.65863007e-01, 2.45559692e+00,-4.24652010e-01,
  7.12700000e+03,-3.78299993e-03,-9.50000016e-04, 9.98048007e-01,
   4.29230005e-01,-3.00705004e+00, 3.58840895e+00,
  7.17700000e+03, 2.56499997e-03, 3.44499992e-03, 1.00097799e+00,
   8.41216981e-01, 5.03433180e+00,-1.17233300e+00,
  7.22700000e+03,-5.73599990e-03,-8.76200013e-03, 1.00927901e+00,
  -1.66122401e+00,-1.42013502e+00,-2.56088305e+00,
  7.27800000e+03,-1.34199997e-03,-9.50000016e-04, 9.96582985e-01,
  -3.01925707e+00, 1.86050403e+00,-3.67477393e+00,
  7.32800000e+03, 2.07599998e-03,-9.50000016e-04, 9.94629979e-01,
   1.11587501e+00, 1.46377599e+00,-3.96469092e+00,
  7.37800000e+03,-4.75999992e-03, 3.93299991e-03, 1.00390697e+00,
   1.98399997e-03, 1.20437598e+00,-1.90475500e+00,
  7.42900000e+03,-1.34199997e-03,-1.92600000e-03, 9.94629979e-01,
   1.00906396e+00,-3.90731812e+00, 3.23029011e-01,
  7.47900000e+03,-8.52999976e-04, 1.22339996e-02, 1.00293100e+00,
   1.00906396e+00,-1.86264002e+00, 3.49685693e+00,
  7.52900000e+03,-8.52999976e-04,-5.34400018e-03, 1.00341904e+00,
   1.69829994e-01,-3.32748389e+00, 2.00149488e+00,
  7.57900000e+03,-4.27100016e-03,-4.60999989e-04, 9.96095002e-01,
  -8.37249994e-01, 2.34878492e+00,-1.35543799e+00,
  7.62900000e+03, 2.07599998e-03, 3.93299991e-03, 1.00097799e+00,
  -2.08846998e+00,-1.38396993e-01,-4.80392504e+00,
  7.68000000e+03,-4.27100016e-03,-5.83200017e-03, 1.00146604e+00,
   1.98399997e-03, 5.41580200e+00, 2.27615404e+00,
  7.73000000e+03,-2.80599995e-03, 5.88600012e-03, 9.95118022e-01,
  -4.10263109e+00, 7.06375122e+00,-2.85080004e+00,
  7.78100000e+03, 3.05299996e-03,-8.76200013e-03, 9.99512970e-01,
  -5.90509996e-02,-2.57980299e+00, 4.88540602e+00,
  7.83100000e+03, 9.88900010e-03, 8.32800008e-03, 1.00683701e+00,
   1.26846302e+00,-2.25936890e+00,-1.44699097e+00,
  7.88100000e+03, 2.56499997e-03,-1.07150003e-02, 1.01025498e+00,
   1.60415697e+00, 1.50955200e+00,-2.74398804e+00,
  7.93100000e+03, 1.58799998e-03,-2.90299999e-03, 9.89746988e-01,
  -7.43099973e-02,-8.25043023e-01, 2.27615404e+00,
  7.98200000e+03, 6.47100015e-03,-1.43800001e-03, 1.00830197e+00,
   8.41216981e-01, 1.78420997e+00,-3.58322096e+00,
  8.03200000e+03, 4.02999995e-03,-3.87899997e-03, 1.00537205e+00,
  -3.35494995e+00, 1.96731603e+00,-2.19467211e+00,
  8.08200000e+03,-4.75999992e-03, 1.41869998e-02, 1.02002096e+00,
   1.10061705e+00,-3.81576490e+00,-2.37777710e+00,
  8.13200000e+03, 5.98300016e-03, 5.15000022e-04, 1.00634897e+00,
   1.93984997e+00, 3.52371192e+00, 1.52847302e+00,
  8.18200000e+03, 5.49399992e-03,-5.83200017e-03, 1.01171994e+00,
   1.60415697e+00, 1.67739904e+00, 4.61074781e+00,
  8.23300000e+03,-2.80599995e-03, 2.46799993e-03, 1.00097799e+00,
   1.26846302e+00,-3.52019995e-01, 9.79156017e-01,
  8.28400000e+03,-4.27100016e-03,-9.50000016e-04, 9.94141996e-01,
  -1.58492994e+00,-1.86264002e+00, 4.14581001e-01,
  8.33400000e+03, 1.09999999e-03,-6.80899993e-03, 9.97071981e-01,
  -1.92062402e+00,-1.20651197e+00, 5.26687622e+00,
  8.38400000e+03, 2.56499997e-03, 5.15000022e-04, 9.87793982e-01,
  -2.26898000e-01, 4.34768677e+00,-4.62081909e+00,
  8.43400000e+03,-4.27100016e-03,-9.50000016e-04, 9.98048007e-01,
  -2.59201002e+00, 7.84194899e+00, 4.14581001e-01,
  8.48400000e+03, 5.49399992e-03,-9.50000016e-04, 1.00586104e+00,
   1.93984997e+00,-6.11419976e-01, 1.34536695e+00,
  8.53500000e+03, 7.93599989e-03, 1.97999994e-03, 1.01611400e+00,
   3.37677002e-01, 9.90752995e-01,-3.33099008e-01,
  8.58500000e+03, 2.56499997e-03, 1.02810003e-02, 1.00293100e+00,
  -3.01925707e+00, 1.58584595e+00,-1.72164905e+00,
  8.63500000e+03,-3.29499994e-03,-6.80899993e-03, 9.86818016e-01,
  -5.01555979e-01, 3.98147607e+00,-2.74398804e+00,
  8.68600000e+03,-4.75999992e-03,-6.32099994e-03, 9.95118022e-01,
   1.34475696e+00,-3.03756690e+00,-7.96249390e+00,
  8.73600000e+03,-1.34199997e-03,-6.32099994e-03, 1.00732505e+00,
  -8.37249994e-01,-1.11495996e+00,-1.17233300e+00,
  8.78600000e+03, 1.18420003e-02,-2.90299999e-03, 9.96095002e-01,
  -3.09555101e+00, 5.62942505e+00,-1.63009596e+00,
  8.83700000e+03,-4.27100016e-03, 2.95699993e-03, 1.00634897e+00,
  -5.01555979e-01, 3.23379493e+00,-3.12545800e+00,
  8.88700000e+03, 1.09999999e-03,-2.41500000e-03, 1.00586104e+00,
  -9.13543999e-01,-1.20651197e+00,-8.05404663e+00,
  8.93700000e+03,-7.20100012e-03,-2.41500000e-03, 9.98535991e-01,
  -1.34079003e+00, 6.48391724e+00,-4.89547682e+00,
  8.98700000e+03, 3.05299996e-03, 5.15000022e-04, 9.89746988e-01,
  -1.17294300e+00,-7.94525027e-01,-9.73968029e-01,
  9.03700000e+03, 1.23000005e-04, 5.88600012e-03, 1.00488400e+00,
   6.12335026e-01, 5.94025016e-01,-1.90475500e+00,
  9.08800000e+03, 4.02999995e-03,-2.41500000e-03, 1.00488400e+00,
  -8.98284972e-01, 8.68682981e-01, 8.87603998e-01,
  9.13900000e+03, 2.07599998e-03, 5.39800012e-03, 1.00244296e+00,
   2.61123705e+00, 4.36294603e+00,-3.33099008e-01,
  9.18900000e+03, 1.23000005e-04,-8.76200013e-03, 9.96582985e-01,
   1.51260400e+00,-3.43429589e+00, 1.72683704e+00,
  9.23900000e+03, 2.56499997e-03,-1.92600000e-03, 1.00927901e+00,
   2.35183692e+00,-5.35690308e+00, 1.39923006e-01,
  9.28900000e+03, 5.00599993e-03,-6.32099994e-03, 1.00781405e+00,
  -3.33710015e-01, 1.78420997e+00, 1.63528395e+00,
  9.33900000e+03, 5.00599993e-03,-1.07150003e-02, 1.01220798e+00,
  -1.49337804e+00, 3.09646606e+00,-4.98703003e+00,
  9.39000000e+03, 9.88900010e-03, 4.42099990e-03, 9.95118022e-01,
  -5.01555979e-01,-4.16671801e+00, 6.89239025e-01,
  9.44000000e+03, 6.95900014e-03, 6.86299987e-03, 9.98048007e-01,
   2.85537696e+00, 2.15042090e+00, 6.47232103e+00,
  9.49000000e+03, 2.07599998e-03, 2.46799993e-03, 1.00293100e+00,
   9.35359970e-02,-5.06698608e+00, 4.51919603e+00,
  9.54000000e+03, 1.09999999e-03, 8.81600007e-03, 1.00097799e+00,
  -3.33710015e-01, 2.82180810e+00,-2.85080004e+00,
  9.59100000e+03,-9.64200031e-03, 6.86299987e-03, 1.00195396e+00,
  -1.24923694e+00,-2.65609694e+00,-4.80392504e+00,
  9.64100000e+03, 6.47100015e-03,-1.43800001e-03, 9.81446981e-01,
   1.68045104e+00,-5.15853882e+00,-5.64315796e+00,
  9.69200000e+03,-6.71300013e-03, 1.49199995e-03, 9.98535991e-01,
  -1.41708398e+00, 3.40164208e+00,-4.05624390e+00,
  9.74200000e+03, 5.98300016e-03, 1.00299995e-03, 1.00781405e+00,
   1.93984997e+00, 2.94387794e+00,-6.19247389e+00,
  9.79200000e+03, 1.58799998e-03,-9.50000016e-04, 1.01611400e+00,
   5.05523980e-01, 3.43215895e+00,-7.03170776e+00,
  9.84200000e+03,-8.52999976e-04,-7.78600015e-03, 9.99024987e-01,
  -3.33710015e-01,-1.96945202e+00,-4.14779711e+00,
  9.89200000e+03, 4.02999995e-03,-1.43800001e-03, 1.01171994e+00,
   1.98399997e-03, 5.99670000e-02,-2.19467211e+00,
  9.94300000e+03, 5.49399992e-03, 5.15000022e-04, 9.92188990e-01,
   1.10061705e+00,-2.07626295e+00, 8.15078831e+00,
  9.99300000e+03, 5.98300016e-03, 5.88600012e-03, 9.91212010e-01,
   1.60415697e+00,-3.52019995e-01, 3.58840895e+00,
  1.00440000e+04, 5.49399992e-03,-2.90299999e-03, 9.98048007e-01,
   1.69829994e-01,-2.27462792e+00,-1.35543799e+00,
  1.00940000e+04, 4.02999995e-03,-1.43800001e-03, 9.89259005e-01,
   8.41216981e-01,-2.07626295e+00, 1.43692005e+00,
  1.01440000e+04, 1.58799998e-03, 5.39800012e-03, 9.94629979e-01,
   1.69829994e-01, 3.20327806e+00, 1.81839001e+00,
  1.01940000e+04,-2.80599995e-03, 8.81600007e-03, 1.00781405e+00,
  -5.77849984e-01, 2.24197412e+00, 3.86306810e+00,
  1.02450000e+04,-9.15400032e-03,-4.36800020e-03, 1.01220798e+00,
   2.09243798e+00,-4.83810377e+00, 3.20693994e+00,
  1.02950000e+04, 8.42399988e-03,-6.32099994e-03, 9.99512970e-01,
   1.45156896e+00, 8.08609104e+00, 3.86306810e+00,
  1.03450000e+04,-6.22399990e-03,-1.43800001e-03, 1.00293100e+00,
  -7.45697021e-01, 1.87576306e+00,-4.24652010e-01,
  1.03960000e+04, 3.05299996e-03, 2.95699993e-03, 9.97560024e-01,
   1.77200305e+00,-3.72421288e+00,-3.03390503e+00,
  1.04460000e+04,-4.75999992e-03,-1.43800001e-03, 1.00781405e+00,
   7.64922976e-01,-1.38396993e-01,-5.07858276e+00,
  1.04970000e+04, 1.28189996e-02, 1.49199995e-03, 1.01513803e+00,
   2.85537696e+00,-3.49533105e+00,-2.85080004e+00,
  1.05470000e+04, 5.00599993e-03,-2.90299999e-03, 1.00048900e+00,
  -1.65863007e-01,-1.28280604e+00, 7.03689623e+00,
  1.05970000e+04, 4.02999995e-03,-9.50000016e-04, 9.98048007e-01,
   1.69829994e-01,-5.06698608e+00, 3.95462108e+00,
  1.06470000e+04,-6.71300013e-03,-1.43800001e-03, 9.98535991e-01,
   2.36709595e+00, 3.18801904e+00, 4.88540602e+00
